152 466 494 474 470 470 478 490 486 486 498 529 509 458 396 380 325 305 278 258 262 258 270 262 254 231 243 235 235 227 235 235 227 211 207 211 200 200 192 180 176 168 160 168 180 184 188 176
113 470 505 486 454 466 462 450 384 376 384 407 423 431 376 337 305 294 270 278 274 262 266 258 258 250 250 239 235 243 231 231 231 219 219 219 203 203 196 180 168 164 176 176 184 180 192 200
98 560 501 498 458 447 411 352 215 219 254 305 313 341 317 294 278 266 270 274 282 270 266 262 258 258 254 254 254 254 254 235 243 231 215 219 200 192 180 156 149 149 168 180 188 188 192 223
58 596 517 490 478 427 313 184 137 121 152 196 223 254 258 258 266 258 266 270 258 274 270 270 270 266 266 266 270 270 266 250 247 239 215 207 211 184 149 125 109 98 133 164 172 184 200 215
7 635 505 498 478 341 239 180 141 105 86 109 137 180 211 231 250 258 250 258 254 262 266 270 266 266 274 274 266 270 254 254 235 223 207 188 152 121 78 54 47 47 78 121 160 168 192 211
15 588 505 498 478 376 290 235 172 113 58 58 43 62 113 156 207 223 231 247 254 250 250 262 266 266 282 282 270 250 239 231 219 207 176 133 90 50 19 15 23 43 43 62 109 160 184 203
164 427 494 529 470 384 352 290 247 184 121 62 19 11 31 66 125 176 200 223 247 243 254 254 262 262 266 262 254 231 211 192 172 133 94 50 23 7 7 19 35 43 54 58 86 156 176 200
415 282 454 517 454 392 400 313 254 203 176 152 109 66 27 15 23 70 121 160 203 219 243 250 262 262 247 247 227 192 149 125 82 50 11 7 11 23 47 78 90 105 101 90 105 133 168 164
435 243 454 462 407 372 349 270 231 200 188 184 168 149 137 105 50 50 47 86 141 196 235 243 266 258 231 215 188 125 62 39 19 11 23 58 98 137 145 141 137 137 129 121 117 117 137 121
325 152 372 443 360 317 282 231 207 184 172 168 160 160 160 145 145 133 98 105 145 184 211 223 227 219 215 192 152 86 66 70 90 121 133 141 156 160 164 160 152 149 141 133 113 109 109 90
313 439 321 388 309 254 219 192 176 168 176 156 152 152 149 137 137 156 160 156 156 176 196 200 196 200 192 172 141 125 141 152 141 141 141 137 145 152 141 137 133 137 129 121 105 101 98 109
274 349 266 356 325 254 239 203 176 137 117 98 90 86 86 90 90 109 133 152 156 160 164 168 160 152 160 145 152 149 156 137 113 109 105 109 113 109 109 98 105 101 117 117 105 105 105 98
258 337 380 345 176 31 23 168 160 145 168 290 266 105 74 58 58 66 78 70 66 86 109 113 105 109 101 109 101 82 70 62 54 39 62 50 62 66 54 43 43 39 58 113 109 113 101 211
180 596 82 0 31 223 211 180 141 113 117 172 43 39 39 43 113 129 125 98 58 11 3 15 11 11 7 27 74 98 129 137 141 98 58 50 54 82 74 47 74 86 62 47 78 105 180 164
211 623 278 19 15 250 266 243 227 219 152 141 62 11 7 54 94 109 141 137 129 23 3 3 3 3 3 86 168 168 137 149 113 78 19 23 23 125 86 39 50 82 86 54 11 43 145 192
349 682 435 39 11 243 274 262 235 231 200 160 117 78 58 58 54 66 125 137 133 27 7 58 86 23 7 117 164 141 129 109 82 82 19 15 43 105 86 74 70 90 101 58 3 11 156 219
368 611 568 337 3 360 270 258 235 200 188 196 172 152 133 105 94 101 137 149 164 27 47 168 196 137 7 94 168 141 117 101 90 90 78 74 101 117 121 109 101 109 117 58 7 43 168 235
564 596 588 474 7 356 278 250 243 211 192 188 184 168 149 133 125 125 149 152 156 19 82 192 215 168 15 66 156 145 129 137 121 133 125 145 145 149 145 141 125 125 121 39 39 141 188 239
690 588 560 501 301 137 313 266 258 231 215 200 196 192 168 145 137 149 180 176 129 19 113 203 219 176 23 50 141 149 149 141 137 145 152 172 172 164 160 149 137 129 129 39 109 168 203 243
764 568 560 517 494 19 325 270 243 235 239 215 203 180 160 164 168 184 196 180 98 27 145 211 211 172 50 31 113 145 156 149 149 152 160 168 172 172 164 172 141 137 121 27 137 172 207 247
729 572 545 490 466 325 15 188 215 200 188 168 160 149 141 152 156 149 133 94 50 82 207 231 219 196 121 23 50 86 113 125 129 137 152 149 149 149 137 145 141 129 82 70 160 180 203 239
486 545 513 486 447 415 388 250 133 3 137 117 105 109 109 101 94 70 82 15 125 184 247 250 243 203 176 94 54 47 43 58 66 78 82 82 94 86 82 105 101 90 105 172 180 188 219 235
576 368 501 462 411 372 333 294 262 254 223 196 200 262 203 250 270 258 235 239 223 243 258 254 239 219 219 164 156 156 137 129 117 109 101 109 86 125 141 168 172 200 180 184 184 196 215 227
858 647 482 435 392 356 325 290 262 258 247 247 235 231 231 250 262 262 254 243 239 254 274 270 247 223 203 180 172 184 192 196 203 207 219 219 219 211 219 219 211 207 200 192 196 200 219 223
894 603 450 415 380 352 333 301 274 258 254 235 243 231 231 243 250 258 258 239 254 282 290 270 247 227 207 188 172 192 196 211 223 203 223 223 227 223 227 231 219 219 207 207 200 196 215 211
905 470 450 407 368 352 345 305 282 270 258 254 250 239 239 247 254 254 239 235 270 309 309 270 247 207 192 192 176 196 211 223 235 223 227 223 227 223 235 231 223 215 211 219 200 211 211 200
870 364 501 415 364 345 325 294 274 258 258 254 243 239 250 258 254 231 207 207 305 345 313 274 250 215 203 192 164 164 219 239 235 227 223 219 223 231 231 235 231 215 215 215 207 215 215 200
713 498 498 419 360 345 325 290 274 254 250 254 266 254 254 254 231 188 223 286 341 349 309 286 254 235 215 192 145 117 149 215 239 231 227 227 247 231 239 235 235 235 219 211 211 219 215 188
462 337 537 415 364 349 337 301 278 262 254 254 254 250 258 258 219 180 392 364 364 364 309 282 262 243 223 200 149 117 109 180 235 235 227 227 231 231 239 235 231 231 219 211 203 203 203 152
360 274 517 435 368 341 329 309 278 262 262 258 258 254 258 250 219 196 396 341 352 349 317 298 294 254 227 215 172 152 113 164 223 247 247 243 235 235 243 247 250 235 219 219 215 203 192 133
294 266 447 439 380 360 333 301 290 274 266 266 258 262 258 247 215 301 360 321 329 325 305 301 286 258 247 231 200 196 152 164 215 247 247 254 247 247 247 243 247 243 219 219 215 200 176 125
262 243 376 443 380 352 345 321 294 286 258 270 258 254 250 239 223 294 329 317 301 301 290 294 278 270 262 247 243 227 176 180 219 243 239 254 254 254 250 247 250 239 219 223 203 192 176 113
270 250 333 439 392 356 345 313 301 286 266 262 250 258 254 239 235 231 258 227 211 250 294 301 274 262 235 215 231 231 168 192 219 235 243 254 254 254 266 258 250 231 219 219 200 188 168 90
254 254 294 427 400 360 337 309 298 278 262 262 266 254 227 243 239 207 176 180 172 196 239 266 243 211 176 168 164 160 184 211 231 231 254 254 254 250 250 250 243 239 223 219 200 184 145 105
250 254 254 450 407 368 337 325 301 290 278 262 258 239 243 250 239 203 176 164 168 184 192 196 207 188 172 141 141 145 172 200 223 235 243 247 243 254 247 250 243 231 219 219 196 180 141 125
239 239 250 443 411 376 349 325 305 290 274 254 243 235 239 235 211 200 176 168 164 180 176 160 184 184 176 149 145 145 156 172 207 223 231 235 235 239 239 250 239 223 219 215 200 172 117 137
250 231 247 329 411 380 360 341 309 286 274 254 231 227 211 211 207 196 196 192 188 188 168 145 156 160 160 156 149 152 164 176 184 203 223 231 231 235 235 247 243 243 211 203 188 152 105 145
219 227 231 176 392 372 352 333 317 286 278 262 227 203 196 203 211 192 211 215 219 196 160 125 149 156 156 168 172 168 164 176 160 168 203 219 231 231 235 247 239 239 227 211 184 121 109 129
211 227 215 172 400 360 341 329 313 290 278 254 223 192 168 207 215 223 243 207 203 176 168 156 160 145 149 160 180 192 188 188 188 172 188 203 223 223 227 235 239 239 223 203 168 101 105 137
180 196 172 133 243 345 329 313 309 290 278 258 227 200 200 196 219 219 188 168 160 149 152 149 141 133 133 137 164 203 211 203 215 200 192 203 223 235 223 235 235 223 215 192 145 109 113 152
172 188 141 98 160 313 333 313 313 294 274 250 235 211 180 129 113 125 125 125 101 105 137 152 125 101 82 82 105 129 129 117 145 180 207 215 219 227 219 227 235 223 203 172 121 125 117 145
176 180 117 117 149 239 305 301 305 294 266 254 231 200 176 137 117 98 98 98 94 94 101 98 82 78 66 58 74 78 90 117 137 160 203 223 227 231 227 223 227 215 192 149 125 129 121 137
184 168 109 145 141 137 274 290 301 298 274 270 243 207 184 160 172 164 137 129 133 121 113 117 109 121 105 98 94 113 145 160 168 188 207 219 227 231 227 215 211 215 172 125 145 133 137 156
160 152 109 168 125 78 156 266 286 278 274 258 243 219 203 200 200 211 203 168 145 145 145 137 137 137 133 137 149 176 188 184 188 207 211 223 223 219 219 203 211 188 113 105 133 145 156 137
164 137 141 172 133 66 31 207 270 294 282 274 247 243 227 231 235 235 247 223 211 180 176 164 160 172 176 207 215 215 196 196 203 207 211 215 227 215 211 211 192 141 90 101 149 164 145 141
176 133 176 172 145 70 7 50 243 274 286 286 262 250 235 243 235 231 239 239 219 196 188 176 176 207 215 227 223 219 219 211 203 200 211 207 215 211 211 200 129 90 98 117 141 164 156 149
184 133 180 172 145 78 7 3 101 278 290 286 270 254 247 243 235 239 235 223 211 196 176 164 176 200 215 223 211 215 211 203 203 207 219 211 207 211 200 117 23 98 109 105 141 168 168 172
156 164 184 168 133 90 3 3 7 145 278 298 278 258 250 231 231 231 219 203 196 184 168 149 160 172 196 207 207 211 203 207 207 203 211 219 207 211 121 11 27 90 113 105 156 164 164 180
164 168 184 164 141 101 7 3 3 15 164 282 282 262 247 239 231 231 223 207 200 192 192 176 176 168 188 188 188 200 203 211 215 219 207 211 188 121 7 7 35 117 125 117 164 180 180 196
160 180 184 160 145 117 3 3 0 0 35 168 262 278 266 247 243 239 247 227 215 203 207 200 192 188 192 196 188 203 215 219 215 219 215 192 117 27 0 3 62 125 145 129 164 184 188 188
168 196 180 168 156 117 7 3 3 0 11 47 145 270 282 258 254 254 254 235 227 211 211 215 207 196 196 200 200 207 211 219 227 219 188 137 54 0 3 0 82 141 145 121 152 184 200 184
176 192 180 164 149 137 7 3 0 0 11 23 54 137 243 262 258 258 243 223 211 207 215 227 211 196 196 200 192 200 215 231 219 184 125 78 19 3 3 0 94 149 160 137 156 180 192 188
168 180 168 172 152 129 23 3 0 0 11 27 35 54 117 211 239 235 227 231 215 207 215 223 215 203 196 200 200 207 200 215 160 129 98 43 3 3 3 7 109 152 172 152 156 172 223 188
176 180 168 176 164 129 27 3 7 3 15 27 39 43 62 113 184 200 219 235 231 219 231 243 219 211 203 200 211 184 176 156 133 101 70 15 0 3 3 23 133 149 160 156 160 168 188 180
168 164 180 176 160 129 27 3 7 3 7 27 39 50 54 62 94 125 168 200 200 215 227 231 211 200 200 196 180 160 141 125 113 86 35 3 0 3 3 47 137 149 156 152 152 184 172 176
164 164 176 180 176 137 35 3 3 0 0 35 50 58 62 43 58 82 98 117 141 172 196 192 180 176 168 164 164 137 109 101 82 47 11 3 3 0 0 66 137 164 180 168 160 188 192 176
