-215 83 -105 4 14 152 60 -130 -197 69 117 -86 38 -6 104 -88 62 -96 38 99 -42 -26 26 71 -40 163 61 -52 -83 116 215 120 144 -131 -113 130 -30 204 -253 39 104 31 68 177 90 -214 143 64 -18 12 91 -94 60 -176 -27 32 1 49 76 -165 77 115 2 -114 89 34 38 91 66 -78
105 1 -125 -117 30 -136 11 -47 68 -4 -129 24 27 -41 -14 -61 91 -41 39 97 -20 87 50 61 -46 32 2 -211 -131 77 9 -59 86 95 104 -55 56 88 -175 87 93 25 -1 51 -2 -12 83 99 -36 -111 -11 38 -77 -69 36 125 -150 33 -88 4 74 101 -73 -45 -19 102 -15 -36 -67 -31
41 -39 83 -18 18 -134 68 36 -118 -20 63 61 119 -53 146 82 -205 128 -180 85 -32 8 -89 -1 54 -139 -160 -63 -132 52 -70 -80 -22 12 11 143 98 157 -51 13 114 -49 -35 -45 96 -68 -21 78 -135 45 14 24 -34 -36 -67 -53 -14 100 28 -127 -32 99 -24 34 38 23 94 -33 40 80
-7 1 -145 181 -52 -62 143 -32 10 14 -39 -81 -96 -34 56 122 55 -59 139 92 -109 174 71 -37 -56 61 33 99 -133 -182 -148 169 -14 -29 87 44 37 83 -9 65 -6 -104 -16 160 61 -54 -7 -6 -5 -76 80 -40 -28 62 156 92 185 127 -20 -115 43 -188 -24 -92 -68 17 79 -176 50 43
-62 -165 -119 -142 -78 47 50 32 53 1 -151 -95 56 -63 -128 178 34 -111 -217 -44 141 -135 24 -143 161 -135 -26 -63 12 -112 -1 -166 61 -22 38 -116 1 -89 14 213 6 28 -100 39 -89 38 117 -138 99 70 146 -16 -51 -48 -30 -123 73 52 84 -2 -83 -165 99 -117 -157 53 62 63 45 -167
-4 -167 45 34 10 141 34 48 26 -157 -50 87 -7 97 -91 95 27 32 -139 -26 -94 78 72 -32 22 197 58 -110 64 -92 24 78 -153 -30 16 41 2 -57 45 77 157 50 -50 -14 5 -100 -41 -22 83 -102 49 -42 -78 -14 -115 3 33 -46 -35 -28 181 39 65 74 0 -189 -24 -181 113 -97
-101 -178 190 152 -35 -100 13 -67 -34 -128 155 66 93 69 105 -173 -27 22 -160 -74 6 100 -172 -64 -6 147 -47 121 -52 134 80 78 -90 -34 -143 -61 -94 51 55 25 -133 102 23 -112 -84 76 -63 107 29 -67 -68 -173 104 -41 24 -31 -105 -115 -95 18 112 154 31 -22 75 -57 59 -30 -1 153
-37 -89 -106 109 99 -68 96 -102 16 -93 -36 39 11 -44 237 -58 49 149 -18 -41 -99 81 -161 -12 -121 110 55 10 -79 -27 -120 170 -17 -154 143 -51 26 150 95 -57 -25 51 81 73 60 -106 -43 73 75 52 30 58 46 13 -26 -113 101 -17 111 -40 138 25 -169 207 -98 -51 -27 -39 -7 108
97 30 -88 55 -49 133 -32 -102 192 -39 -80 -165 -283 -198 152 146 96 114 16 -13 69 25 -66 203 -59 12 -17 -35 -16 147 -95 73 140 -108 70 -54 201 119 -142 -132 -153 -68 41 -20 62 -52 128 51 9 -76 -139 -103 220 91 -11 -66 46 -237 -129 -3 116 -56 -46 -32 -80 60 -69 1 -130 -92
99 37 17 -46 -4 27 -39 123 115 14 -155 115 -249 -50 139 -90 122 -30 27 200 -2 -3 19 -122 -37 49 -124 5 -45 -12 46 113 -108 9 76 29 106 -122 -72 81 2 -93 100 -102 -106 -161 17 95 35 40 -46 -166 103 152 -81 117 79 -223 84 -63 214 76 -105 123 -77 70 -138 88 -150 131
223 131 81 -14 122 -49 12 -64 -95 146 171 46 38 -8 95 98 -64 -3 -26 -56 3 -135 -167 57 5 176 -62 -4 46 -187 103 80 -42 -50 109 59 76 -165 51 167 63 94 169 -56 135 14 -95 143 35 87 76 -91 -20 62 86 -40 -67 39 -155 -132 123 -14 27 257 -18 -71 58 -61 101 30
63 -5 -57 68 -113 -205 108 58 38 71 10 -148 85 -12 69 -212 82 134 61 -5 162 24 90 140 -32 -81 89 -10 100 -75 -26 10 -57 -61 95 188 17 -4 -173 182 34 161 -109 187 -10 168 86 -123 -48 -28 56 -22 -2 263 21 96 140 -197 -47 180 51 152 111 -17 177 -101 -134 81 -84 -168
48 60 17 -13 29 -40 197 244 -198 -50 166 -99 139 -49 -29 -141 111 -6 -126 -31 -7 244 -79 -151 257 -83 -81 76 -107 104 113 -152 -87 41 142 75 -142 136 -96 230 9 1 21 -44 202 67 101 -167 -78 212 55 -45 -1 21 -229 80 -53 -128 -190 -13 49 -9 54 -95 -5 349 76 63 159 -92
2 28 -179 5 96 -156 125 151 79 -134 102 -187 -306 0 -137 26 -83 -56 13 31 -10 105 -348 -89 4 -23 33 -69 82 79 243 -286 -9 -74 119 21 -102 245 -85 40 112 159 180 77 249 -312 160 -78 -112 194 214 78 -214 143 -108 170 -9 7 -147 -153 -18 -162 57 -293 -86 106 172 8 53 -188
153 83 -40 175 -28 -106 156 257 182 88 47 -113 -118 98 74 289 139 43 191 -121 -98 -161 -313 -329 -214 3 138 100 298 168 253 -190 153 170 118 95 66 241 -149 206 3 83 175 138 120 -293 227 -60 28 -59 142 -176 -69 196 -25 -97 -139 176 -33 182 106 -169 150 -343 -6 84 -140 -69 -18 -60
-130 122 -188 -4 -114 -64 220 10 227 74 137 -51 -23 149 81 157 152 -22 31 100 -102 -110 40 -80 -68 -8 256 -111 127 -96 20 -179 205 150 215 230 75 222 -220 208 245 105 -37 35 90 -34 273 -118 -112 -147 203 71 184 122 185 -333 -22 40 -8 131 196 -93 -24 -157 135 53 85 -4 80 30
-115 3 -6 92 109 -350 146 -109 159 138 84 5 161 321 237 -3 52 -30 -6 -18 -1 198 92 112 -132 57 187 143 52 -163 -84 -22 184 80 -43 203 103 216 -216 18 257 -126 -84 -72 108 -32 240 23 -138 -128 214 82 64 99 24 -314 -101 104 105 46 323 -209 188 -140 11 131 -3 50 -34 148
-51 -99 -15 96 63 -196 39 -118 -77 147 -4 -116 84 114 65 -101 189 43 6 131 -132 133 -81 176 48 -45 192 39 221 -193 -122 -57 -33 157 98 6 -79 162 -141 102 215 -236 -217 174 132 27 196 112 -80 -57 349 -25 -126 94 87 -198 -46 -147 -107 219 41 -175 21 7 265 58 2 -37 -78 45
178 0 -106 147 41 -215 161 85 16 -31 43 -12 34 121 47 148 94 53 109 -61 71 42 -206 19 -148 -73 203 58 360 -123 29 31 -171 -76 50 260 72 -55 28 132 229 -94 -21 112 156 34 46 72 -154 84 292 -144 119 232 132 -163 -62 12 39 158 25 -296 -25 -136 -86 109 -92 19 135 -79
354 -217 48 224 -124 -287 67 112 237 55 25 -241 187 147 155 226 -101 78 -113 146 -69 96 -180 -33 -179 -8 49 61 437 106 -147 31 -229 63 -49 -89 215 180 -3 189 289 -125 -90 235 189 -61 168 286 41 -11 68 167 -10 -79 62 -98 -22 4 -17 19 248 -85 -130 30 -164 -95 -12 -8 -168 12
218 -34 18 -29 -134 -138 12 170 47 -142 -182 -173 70 66 195 -21 -114 7 -231 73 -64 258 -232 10 -7 90 -8 128 113 -50 28 30 14 -182 114 -112 -7 100 -37 -137 54 -99 152 131 244 -71 147 -16 79 117 114 7 3 27 -130 120 108 156 -163 -55 -26 -32 -93 33 -188 116 -118 52 19 -138
-47 2 12 -177 -31 -84 -37 162 43 -110 5 -52 0 -53 -16 103 -40 -94 -304 -44 -55 156 -74 -36 134 -72 62 -44 10 65 69 -62 -27 -158 227 123 34 55 13 -164 80 27 -19 244 298 -56 38 -72 -110 144 51 88 -112 -32 -192 53 26 -64 -24 -374 120 -122 104 107 56 -55 -19 -208 131 -39
96 -42 117 -60 -69 74 44 247 197 -182 -124 -185 -162 201 -99 -85 54 84 -253 -23 -26 108 3 20 110 10 -102 -2 -18 -140 -177 16 90 -173 -87 17 -70 -2 -55 21 -91 72 -8 146 121 -26 -26 3 -126 159 -32 -145 -65 71 -188 -64 139 -82 -102 -250 -66 116 237 -130 -42 21 -6 80 -127 -87
-7 -76 31 -25 98 72 112 23 8 -142 72 17 83 51 -123 -89 -74 -91 -80 -65 -7 -51 -6 50 229 41 -90 75 -26 -41 -74 87 -84 24 -6 -101 -86 -69 -166 130 147 104 42 2 188 77 103 -149 63 -82 71 -41 -159 -60 -19 78 -20 67 205 92 1 -20 244 -27 -34 184 28 -173 -96 91
105 62 -41 132 -109 -194 -6 204 67 -102 209 -134 110 12 41 44 -85 -80 -90 -23 9 188 -253 -172 -3 85 -64 146 264 83 227 -152 -149 -80 49 -109 68 37 -33 73 -89 -97 -54 -53 298 -118 181 -350 161 -47 105 151 -252 99 -148 192 108 191 32 -91 -28 -305 138 -227 23 208 141 -11 -65 -76
28 29 -42 211 -28 -216 -83 -52 -14 183 51 -155 30 30 -17 231 102 36 104 244 165 29 -349 -147 -59 24 117 176 32 -21 253 -127 137 -47 -15 134 -23 35 92 73 96 -211 253 178 240 -308 14 -166 11 -12 213 -105 50 148 -109 -112 147 25 -150 166 202 -322 115 -73 -62 57 39 -11 -1 98
154 286 -162 -131 -85 -245 207 -72 152 217 210 -12 -171 -60 125 126 93 -70 -19 153 0 -64 -149 -137 -89 76 299 156 173 7 37 -163 328 20 229 148 77 -186 -103 112 -12 14 28 61 181 -53 118 156 63 92 213 111 243 -201 134 130 74 -65 -35 -29 139 46 93 -31 232 31 -113 -34 -89 35
-8 157 178 42 -211 -118 55 98 135 119 160 -101 -156 -43 220 193 180 89 25 169 69 -205 -40 -81 -221 103 345 120 225 -76 -156 40 171 -155 206 247 351 -94 111 222 263 33 -122 0 172 0 192 70 148 73 148 -1 61 -253 117 -126 -82 -162 -55 -80 57 112 81 18 188 165 -205 -48 -124 227
233 201 -29 146 98 190 245 136 216 179 46 -14 -190 -104 151 -129 130 -72 41 302 -93 -32 -183 -143 -152 -125 223 -172 201 -49 41 -82 221 -30 373 391 301 -350 -105 -18 180 93 -133 -193 194 -19 177 -13 -30 -73 189 0 105 84 73 -211 -133 -214 197 43 -19 -46 2 98 101 42 -29 178 -20 223
-50 -96 0 -29 168 -49 81 -168 -23 62 174 -50 -142 -111 243 70 164 86 252 282 60 176 -16 -224 -99 -36 142 -212 78 173 -101 34 -2 -55 237 265 143 -121 -77 79 91 23 129 80 241 -36 179 -139 4 140 16 134 47 -130 174 -109 -242 -95 99 224 131 -66 148 62 257 118 6 15 47 108
139 116 -103 246 -81 -88 94 9 192 278 -63 -28 -130 -8 62 -58 233 0 238 240 39 251 -197 -197 84 0 275 -177 136 1 65 -105 106 81 165 175 334 -269 5 -62 40 -131 -41 -24 137 -54 137 -93 -31 52 148 -42 -192 -75 -147 -154 -207 -49 5 -34 91 -78 239 123 31 -7 -18 26 20 36
262 144 -6 170 -141 35 231 -160 49 75 -71 27 -157 -42 108 -37 130 -117 -35 9 -171 152 -89 -338 -14 58 88 -131 252 -38 112 186 149 52 229 165 171 -215 79 -48 129 -114 -156 194 256 -114 185 121 131 13 -128 127 -92 160 -46 -80 57 -15 -16 97 184 -188 189 1 171 251 -63 34 -13 183
402 -139 -80 247 -48 159 61 -154 230 176 -213 -48 179 -39 177 137 129 -170 12 53 -33 133 -34 -167 86 128 -58 -197 154 11 -3 119 22 -95 61 -71 291 -34 140 123 207 -268 -113 93 279 -127 156 116 184 124 -36 -55 -52 1 -5 -1 -147 247 139 122 -74 -127 121 -156 55 62 35 -18 174 -166
-80 145 0 -48 151 -15 195 -181 41 103 11 -83 64 180 97 156 -8 18 -255 80 -4 127 -130 8 50 -146 73 70 205 20 24 63 -24 -122 73 -206 184 -47 18 -22 -24 98 176 166 345 80 98 -160 -22 96 69 -66 -107 -55 36 -44 14 105 105 -124 224 14 -41 -8 8 167 -67 115 -110 -84
31 -132 -163 103 -137 2 123 52 72 -39 121 -249 -128 285 -133 -143 24 74 -109 65 184 137 -167 136 48 -60 -219 160 -162 -211 -53 85 -9 -11 101 -228 14 23 47 15 -161 119 -14 48 258 -2 137 -221 10 174 145 29 -163 -37 -122 117 190 125 -178 -268 67 -86 187 -212 82 60 -2 -46 -166 -302
-8 136 -76 -46 -227 -157 105 176 176 140 -57 -149 134 -8 -43 156 24 -168 -80 233 92 13 -26 -4 106 -52 -14 98 21 41 -158 189 45 -13 92 -152 -67 105 76 -56 27 192 -8 -66 113 -27 4 -190 51 87 175 -74 -35 10 -41 113 190 48 109 -109 76 7 50 -143 88 -37 -118 25 60 -83
94 -157 28 95 -212 24 -24 32 168 79 168 -116 -30 -119 -120 145 -22 -77 76 -114 -43 44 -74 -153 -94 -28 -268 144 171 -147 -27 -81 136 -174 124 -14 114 -47 98 -149 -128 99 134 -1 224 24 67 -208 -1 181 100 98 81 -116 42 18 -2 200 103 112 37 -437 134 70 -209 -88 179 135 33 -25
-97 85 10 -209 -150 68 -56 -6 30 152 150 -160 63 -14 -105 221 -143 -140 246 105 19 -87 89 -51 77 58 -89 97 112 -129 -47 130 90 73 -5 229 164 -402 202 13 75 -14 147 -6 -32 111 37 -190 -133 43 -76 -54 -23 -176 112 -47 105 0 170 8 64 -228 249 82 37 -40 63 130 -29 78
32 -16 70 -30 51 77 57 65 91 170 81 -76 109 -225 -103 43 -108 12 68 -20 42 -113 144 -23 77 -47 139 96 16 -32 -257 127 171 49 75 99 9 -221 176 -96 -116 -1 -112 23 70 265 -50 69 37 -8 -25 -114 209 -89 110 104 70 51 215 36 31 -14 205 234 3 118 -82 -126 -40 237
176 223 -44 -140 50 247 163 -9 122 -104 -37 13 99 -22 -83 -27 -234 95 54 -35 14 -58 -62 -87 -80 -64 -23 -59 45 141 -89 30 55 60 34 98 101 -143 -9 -91 181 -14 -24 164 -23 71 88 106 -30 191 -51 11 29 -8 -123 230 27 -61 7 -38 -136 0 119 24 242 69 -38 74 186 180
173 79 12 116 90 110 101 9 -55 92 -93 -9 16 -111 2 -120 38 155 -87 119 -45 59 136 -48 -55 139 151 17 -61 134 -86 174 -38 -79 -46 85 145 -49 121 -25 78 12 -89 198 15 -18 118 -5 28 145 -186 -8 34 -74 18 1 -137 -125 57 250 -119 -26 195 194 53 145 -87 -155 54 29
109 140 59 266 8 46 118 -195 122 -76 -12 -63 -44 -96 157 -47 -38 29 69 1 129 28 51 -123 -23 -7 74 -97 103 -3 65 110 38 41 117 24 116 -175 159 13 97 198 29 -19 97 -68 -8 -29 -26 77 -136 -19 -89 -28 65 143 -207 92 -81 151 51 85 184 90 8 161 80 -46 -15 115
111 222 73 69 39 -90 -62 -131 -16 76 16 -10 165 -215 58 107 -8 -42 50 127 56 -147 72 -111 115 2 184 -90 -95 106 -66 77 153 99 22 45 152 -93 73 -85 -59 183 74 60 -100 126 -16 -96 -133 -7 -148 -153 82 -81 -124 -33 -191 -110 16 95 -61 36 130 42 -120 175 -128 -45 33 198
76 32 -176 -79 127 66 16 -87 -95 126 -81 96 -53 -177 81 -16 57 100 405 -3 43 -242 187 -336 0 -59 155 -63 74 -142 113 -41 83 -54 44 121 155 -171 -80 43 156 169 86 -201 -228 45 -54 -102 -140 -177 -148 39 99 -101 -165 128 -157 40 195 -73 90 122 106 25 -114 80 -169 85 -71 -29
-10 139 29 -75 16 115 94 -73 85 64 80 258 177 -239 9 59 6 -15 270 172 -22 80 92 -97 76 8 -10 -5 80 0 -15 243 77 38 -110 222 115 -81 60 -81 145 29 -103 -116 -190 248 -80 78 22 117 -19 -102 -45 -75 -60 -80 -16 14 -52 63 70 -25 121 -105 12 86 162 -167 -129 28
81 124 32 187 -23 -88 -35 -39 -38 109 -227 0 34 2 12 -13 -37 135 262 36 29 36 74 -126 10 37 46 -143 320 118 -62 117 165 150 136 -4 183 -161 19 208 130 65 -20 69 219 -9 231 75 -25 -132 114 -17 -99 -150 72 -224 100 165 190 61 -14 27 -24 5 112 -130 -35 -14 50 13
105 -48 86 219 -87 100 281 23 105 -10 45 -112 175 86 -116 -50 107 -182 55 -38 131 38 -20 -314 -1 8 -54 -121 260 210 150 123 2 -70 201 -168 -15 154 -50 57 -100 -45 -13 0 174 29 252 -137 -79 57 182 1 -398 -96 43 -82 74 17 137 -106 160 7 -165 -349 -89 3 -50 -15 -63 -61
-75 142 21 190 -90 148 164 45 120 -194 21 -159 -46 142 -76 40 83 73 53 52 52 170 120 15 199 -173 -115 3 54 179 18 24 -38 -106 -52 5 -28 118 -65 -118 -92 86 214 188 258 91 127 -104 -30 71 68 -41 -14 -35 -106 42 121 75 -134 -27 -47 -114 -53 -198 30 148 -55 101 69 -63
-56 -14 -55 -12 -231 131 -104 -26 63 116 6 -158 240 145 -170 84 -45 -209 246 6 32 -43 291 129 19 101 -236 114 92 9 40 139 72 39 -212 -84 204 -268 160 -70 -93 31 -113 -128 -45 -20 71 -66 -12 47 -146 58 2 -206 -69 -108 91 97 318 -27 -124 -35 117 75 -57 -332 14 92 71 -205
235 -7 -14 -137 -41 157 -161 211 -62 -54 -31 -109 -27 145 -184 100 -89 148 137 188 -40 -65 395 -21 92 -94 117 -8 -19 76 -7 104 161 -131 111 38 216 -206 10 -119 -211 -19 -119 -48 112 192 -27 17 20 78 -285 -69 -92 -83 -190 -61 129 -53 35 -19 -58 109 60 155 -188 67 23 -149 -22 -52
130 -62 107 75 43 266 -195 34 -137 62 77 0 29 -49 66 -32 -20 178 0 -31 6 -6 205 -118 150 -1 -25 -4 -122 169 -155 -40 -34 47 -99 -87 -127 38 63 -95 0 -20 8 106 -59 43 -90 102 -100 -56 -224 -37 -218 32 -1 147 -135 -68 48 168 -98 -12 70 -63 -63 -84 51 -107 -17 92
-84 -65 7 -91 14 31 -116 -166 19 -129 -34 -84 98 37 21 -148 -171 43 156 -81 70 13 122 -42 -33 44 107 3 -159 -22 71 9 -168 -179 -226 -67 -33 77 270 -40 -96 141 183 124 2 81 -158 -18 -18 87 -89 -100 180 54 -68 60 -98 -1 183 99 108 -175 68 216 97 -4 113 91 1 -52
0 12 -34 -105 163 62 -48 159 29 -61 -125 -76 -20 99 119 70 -187 36 -97 -11 9 -72 11 48 83 -31 -36 51 -137 115 -23 -51 56 -137 -86 22 -25 140 22 -83 206 -74 -36 33 -90 -38 98 -74 -29 -39 -57 139 126 53 -134 78 -127 46 -13 188 -54 142 89 13 136 117 -1 -97 -47 7
60 109 13 11 243 255 180 11 -42 136 -30 -33 -52 87 33 147 -161 16 42 -1 -46 -46 26 -67 -198 -15 210 -38 -142 192 122 0 93 128 100 -206 -114 44 15 -39 84 95 -98 170 -130 163 -89 167 -112 -21 -46 -22 -49 -35 -67 195 -38 145 -90 234 102 192 -112 20 18 -30 3 77 65 183
-70 167 -62 38 8 -177 138 -56 46 189 67 -170 91 108 92 -4 23 -52 70 -105 52 -29 100 13 101 57 26 -63 63 69 44 81 140 16 -89 -162 95 16 -46 -155 17 15 -40 -145 -62 -17 39 1 56 -74 -113 -15 105 5 -58 -70 -52 110 139 165 182 57 71 -56 -32 67 -66 -154 -30 56
-98 141 -93 93 110 -79 29 -113 -187 11 10 -108 -79 112 -124 -114 85 -72 117 -106 57 -175 153 82 71 -100 10 -18 58 0 19 9 39 -40 -59 86 138 171 -109 -205 -68 175 -58 97 -18 -12 182 -93 15 -190 -146 2 49 -31 -34 46 9 -42 -178 93 -116 279 -47 -40 40 107 2 -49 -146 58
-176 90 -65 -287 132 -7 55 37 25 22 109 42 -188 78 97 -5 -75 -82 252 44 129 -138 160 -200 89 -217 46 3 -86 252 39 42 79 -121 -26 -56 -112 -67 225 -138 55 180 -198 -64 41 153 -125 -93 87 -170 -229 -58 44 -194 -150 200 -73 144 24 -19 188 77 16 -29 -201 -163 37 -121 -96 -72
-13 -97 -118 -91 143 174 113 11 -166 86 -33 40 -143 -28 6 -53 -5 106 273 30 108 28 73 -63 26 -1 -119 -37 67 75 -24 265 -8 -134 145 -38 187 4 53 -196 190 -6 70 -232 -61 -6 183 -91 81 -169 -189 -173 -27 -118 -92 19 -140 111 36 183 90 163 135 15 -228 -94 184 -13 105 72
-84 -95 -81 16 -22 88 140 -4 177 105 163 -14 32 41 -24 -181 95 109 43 -69 -36 97 -98 27 32 -65 -161 -87 267 213 73 94 36 -80 -57 29 84 -196 43 -42 56 60 13 -173 50 273 -153 -139 86 -116 -32 -2 -197 -68 -172 48 17 121 43 93 102 42 -56 91 -69 -164 -64 0 36 -138
40 -150 -86 73 -16 15 -34 48 97 -57 214 -192 -24 134 -54 46 169 48 52 -31 -21 13 -39 45 172 14 -57 -22 32 108 251 68 -89 184 -80 -42 198 -69 136 37 -7 41 78 -10 -78 28 -142 -18 -160 -13 27 -38 -54 -50 128 155 12 -42 -67 7 -2 37 122 -57 166 -36 93 -37 39 -6
32 -65 12 19 -331 -108 -34 7 108 -80 -105 -112 78 305 32 -96 112 23 -44 68 -107 23 93 234 116 92 15 -136 32 82 1 -83 -14 -166 -20 -123 141 -254 179 -60 -220 55 40 -209 -129 -21 -162 -47 -54 188 -85 66 -138 -69 88 -177 151 143 170 -48 130 124 77 37 -171 -43 -63 -50 -120 -3
52 -129 37 -118 -67 -159 -131 290 156 -166 -74 111 2 238 -75 -154 149 55 -187 1 3 -167 4 13 90 34 0 119 -110 193 -46 127 -80 78 129 20 -17 -140 126 -5 -46 -3 -44 -225 -94 -92 71 130 -28 60 -230 82 -76 153 -58 -36 189 -24 -105 45 37 24 103 94 -97 41 -102 80 13 -125
-156 111 -89 65 -139 53 -109 121 25 -74 133 -211 6 -12 -95 -11 206 -53 -31 -143 -175 -35 132 22 -163 -35 7 130 -59 194 9 -16 -254 -64 -2 -2 15 -13 -93 -73 -58 98 -28 45 -28 5 -39 -57 73 -86 -59 -90 14 193 25 1 17 -100 -41 -46 173 -117 -13 -147 -49 -153 34 43 -176 -235
-40 59 2 153 74 -154 128 70 -54 -102 53 -84 -42 169 180 35 147 135 17 -224 -177 -21 92 243 106 44 -90 92 -61 79 127 -23 -69 -32 -171 57 124 98 15 -109 103 181 125 82 -118 -7 -60 -38 30 -58 197 111 -195 -16 -101 -56 63 -84 77 -45 27 60 -74 64 151 -151 -102 -10 31 -130
13 -161 -27 53 -9 -14 -33 70 42 157 121 -79 -164 246 45 -125 68 -157 -79 -76 -159 59 -9 -33 77 -74 31 133 69 160 247 -3 3 13 -147 -232 31 93 -61 37 -24 -143 -48 -95 17 -77 -2 8 69 51 -13 120 -17 -92 195 14 169 132 80 -11 193 68 16 -200 50 -296 16 13 -64 -103
1 -111 -15 -60 -22 -32 -38 -142 26 51 105 106 -63 22 -139 -179 69 -61 -104 -79 -95 -44 -122 -71 156 -74 -49 80 -3 144 81 -123 4 103 -129 -8 -28 89 145 -20 -62 90 30 -21 -2 -10 99 -33 11 48 -154 -33 -75 -181 46 193 189 -163 -249 115 -131 4 62 -8 12 -97 182 -22 -25 132
-65 182 -45 -81 6 98 -95 86 28 118 -17 -39 -161 33 39 -60 159 -66 85 -160 8 -150 40 34 160 81 -47 153 -91 127 0 146 23 -47 35 87 92 34 -40 -123 24 -151 -71 23 59 -84 202 44 71 29 -16 138 -80 103 19 -76 175 72 -125 -23 48 12 -39 194 -48 9 17 -16 -136 42
-141 10 -89 47 -91 75 -92 -35 -48 129 111 -106 -94 175 -79 -13 82 -23 15 -123 -44 -108 5 86 -171 -50 71 -30 -27 120 87 15 -114 -66 -60 -124 23 68 58 -183 -88 40 -32 -105 87 28 59 -18 -204 20 89 19 32 111 4 42 -35 -88 -33 -38 -113 127 78 -21 -8 -245 95 -69 -86 -171
-93 -75 39 94 -6 -155 -26 27 -142 -82 82 -47 27 152 -35 -60 96 -32 74 -38 -84 -105 -194 47 48 0 -89 132 -35 183 109 40 -117 40 -44 31 -120 -75 -31 -15 -138 -91 -6 -88 -207 -45 -21 18 -17 -66 134 -63 -246 64 97 -41 -18 -5 -59 4 -46 55 8 -34 -7 -229 10 -55 -150 0
153 86 -46 -94 -119 14 -5 74 158 -17 6 112 -69 -43 -31 -40 -21 -44 1 95 -20 103 -30 -170 134 14 -99 112 -177 7 18 -91 -109 -18 147 -106 147 27 -148 -1 -104 -25 -2 -123 28 -100 -118 46 -128 -40 -45 11 -113 -81 65 95 18 29 84 146 -34 4 42 118 -58 -109 -190 -42 -43 -63
28 -258 62 73 66 -36 156 -179 138 78 -148 259 -161 42 -131 -127 143 56 -107 3 1 67 -122 222 104 -71 -19 -16 -126 59 -137 98 42 96 35 50 233 63 -41 -80 -129 137 26 -229 -21 125 -94 -59 -68 -150 -195 -50 -64 -234 -163 118 160 -1 173 69 79 94 204 292 88 -107 90 1 -94 -27
68 85 -54 -10 -147 -146 232 -147 91 -124 22 -22 102 150 -30 223 -7 78 52 175 -5 122 -110 97 -21 -173 -33 128 112 8 -83 -33 -16 -123 86 -17 -8 -120 116 103 -48 -57 115 -110 -98 220 33 -26 -182 -81 47 91 -40 -72 145 -5 101 -151 117 24 31 -233 -28 100 59 -93 3 43 29 -198
150 -57 -105 -173 -42 46 17 -167 92 -21 -147 -135 -106 130 82 -78 -159 -157 -311 101 69 -113 -132 353 140 97 211 -123 -56 -114 -29 -43 64 -66 19 121 -37 -237 248 126 -24 108 -38 23 -112 56 19 -79 105 183 3 -48 -10 -95 257 -65 84 112 -81 -219 -161 287 -117 0 74 103 32 -50 -159 217
118 6 8 146 138 -126 179 100 27 6 73 71 -183 117 -69 -125 -43 -105 -283 -61 84 -79 -80 42 -40 -114 14 0 -105 24 188 -66 42 -93 -79 -24 122 -161 37 -30 13 188 -65 -150 -218 -7 -34 164 -80 137 113 -119 207 145 81 -150 91 77 -90 117 39 151 -110 86 52 50 -120 -36 42 24
154 -155 -8 -121 9 -148 -18 -5 -33 -77 -60 33 -56 111 -96 92 146 -7 -270 -161 6 157 193 -33 166 -65 66 -11 62 146 146 -28 3 29 -174 -97 85 -186 10 37 -183 24 -30 -80 -135 -120 42 -18 110 183 -40 -25 15 48 110 -169 56 53 115 -8 -212 138 -318 242 -69 -67 97 -200 3 60
95 -136 -26 14 84 63 -4 106 -115 -18 57 27 -82 32 -83 3 41 -73 -255 -68 -41 190 66 -15 -60 -184 -79 -82 -65 89 121 -3 -6 45 125 71 -72 -219 -88 164 -156 -9 -129 -44 -158 -18 158 10 18 318 3 -27 -119 7 48 2 162 136 54 64 -203 153 -93 165 1 -41 -62 116 -8 122
141 -37 -71 68 129 206 31 46 69 -23 -52 20 147 218 -150 46 36 -22 0 40 -15 288 7 -129 28 -48 128 -162 -66 178 -27 33 119 0 -226 -139 158 -27 -2 -152 88 -92 -124 -181 -56 -101 -50 -102 -84 160 -130 96 -123 109 220 -231 166 68 -61 -119 -45 -10 54 113 -70 -118 163 137 -8 -115
-71 -158 -130 66 55 -53 -70 -39 51 208 -39 168 -49 88 -22 96 -61 -39 143 -121 50 -9 -98 181 213 64 -129 -127 14 23 232 -26 90 -61 -196 -122 63 34 -26 170 -3 -3 37 -27 38 196 -218 54 168 61 -9 -26 9 46 -2 -51 110 129 -137 -118 -82 -184 -92 125 43 -51 3 -91 9 -192
-36 -45 31 -117 64 74 -133 8 -200 58 -119 63 -60 -102 56 64 54 41 55 -124 -96 31 -117 160 -8 -131 -72 54 -52 -23 240 -50 27 -23 -22 -24 114 14 -55 -215 -4 83 85 -4 -95 -60 -133 -13 -28 114 99 -4 30 62 -60 -140 118 220 63 -83 39 64 139 12 -71 -201 25 -142 118 -81
-7 -95 -32 84 8 69 15 106 -161 -86 3 -27 29 -5 -124 40 -142 122 -27 121 -18 209 -45 -85 -138 190 -162 73 127 258 -83 -195 -66 14 -9 -51 84 -63 10 -12 -39 -23 125 48 -143 -270 -87 -63 57 247 -66 -98 -61 -12 -63 -185 192 104 87 -130 40 21 -128 108 57 -195 75 -95 -43 -156
45 -117 -174 -161 -134 50 -63 103 86 77 -64 69 -179 127 90 -41 53 118 -213 47 134 137 -110 -34 -110 103 143 -1 164 -60 4 -149 -119 -21 -7 95 91 -184 -150 73 -52 -27 13 -84 -17 -179 18 55 -189 -35 -118 39 -34 174 66 -14 222 155 78 5 -35 80 56 26 6 -117 -111 91 -8 58
95 -71 91 53 -33 108 -64 -63 119 193 -55 234 -234 -50 40 -153 111 -71 -163 75 69 82 -42 61 -68 -75 61 87 -18 108 -11 -4 19 52 44 -127 129 -49 26 -37 -15 42 -30 -1 -69 -135 -76 181 -137 92 -175 -139 -126 -12 -204 -23 174 209 -156 -124 -25 68 73 262 165 -213 9 -28 111 4
427 -35 -39 16 -53 -47 -129 -377 160 48 -9 191 20 29 360 44 -44 -97 -63 200 -84 113 89 108 49 10 93 99 -174 -35 -130 -38 153 -50 59 -154 127 -100 150 215 115 -11 -165 -38 -231 -110 -216 252 96 218 25 -109 75 -115 -102 74 55 -103 230 39 -162 73 88 285 -53 104 -120 151 -13 99
125 -1 -9 -25 -85 -166 40 119 206 -164 -23 44 52 33 -52 214 -107 -18 56 141 -64 -100 -177 -140 48 19 70 68 -100 61 202 96 153 -63 211 61 82 -175 163 53 -48 98 139 -45 4 15 -120 192 82 -14 -39 62 49 -57 175 -99 16 78 138 -31 -194 -141 120 41 -75 93 73 -48 2 -111
211 -70 50 -277 29 -88 142 -105 34 45 27 -7 -178 -171 174 9 57 -181 25 -185 164 -30 35 83 -90 -37 149 179 -99 96 134 30 78 -82 78 139 203 7 239 55 85 47 146 4 49 105 -157 107 -92 36 -83 -26 92 162 123 242 -10 122 18 25 -83 106 268 165 88 107 -10 -6 45 -143
129 172 10 -49 114 84 102 -105 -72 -22 -219 57 -33 -139 64 142 -59 110 130 -129 -181 -145 -94 149 19 11 140 11 -66 -116 22 -128 217 -132 -33 133 81 21 218 239 -188 59 1 -64 34 46 -67 -122 30 118 -66 39 192 152 -32 -37 -95 -167 -36 -45 13 -49 104 214 -15 280 98 39 -5 -30
30 143 41 -27 63 130 -48 19 -109 -124 21 -171 -127 47 7 70 -44 -4 151 -173 -17 171 164 147 94 -87 -38 -73 35 34 56 117 173 66 -52 -36 144 -30 135 95 162 -73 -25 93 74 16 211 -91 98 53 -46 43 -42 68 -232 -130 -82 44 171 -43 50 13 -5 86 -23 121 54 -88 33 -109
158 -175 -46 9 81 -104 150 -20 -99 47 -59 -21 83 165 -48 176 -36 -75 110 98 -54 62 -1 52 83 -183 -42 -75 -129 21 187 -68 163 -38 -201 29 82 146 141 -92 -92 -16 94 -39 70 111 28 -15 61 -16 188 -33 -125 -169 -33 -165 -145 169 -53 17 -136 83 -142 92 -22 135 109 -90 42 69
-7 170 -121 29 -26 -96 90 132 -120 129 102 -103 173 1 2 153 -45 -52 133 107 92 25 134 11 137 -182 51 122 25 107 -165 -211 -36 -112 46 -65 160 35 -89 -41 -111 272 -143 123 -94 116 -153 -6 -8 -79 -4 -116 37 -136 57 20 -123 -74 85 37 -45 62 -98 -15 -132 151 -98 -20 -20 -99
-93 134 -33 42 91 -10 95 -26 -63 121 -14 -178 -69 -209 115 131 -37 -149 35 114 83 -104 -54 240 -106 -90 212 -216 91 -175 -100 -199 0 13 34 25 66 -26 5 -83 118 -46 79 253 86 171 52 -52 -11 146 -19 6 -12 -10 120 -45 -148 194 170 -26 174 116 98 182 63 32 -119 -31 20 108
135 -65 -4 133 21 -65 -4 97 -39 -1 -66 -63 -19 -57 106 118 83 -54 40 80 -70 61 -123 66 -21 104 -31 135 37 -22 42 -255 125 33 25 129 -37 86 202 153 -102 -53 88 193 49 15 -19 39 -50 -10 -72 19 -104 -12 -108 12 -140 46 27 76 -18 -67 2 91 -90 145 30 -110 -55 2
-11 258 76 -49 87 73 124 -70 26 13 66 0 177 0 82 91 28 -81 -98 76 -97 -19 -54 65 -93 -84 59 22 -92 190 25 -67 35 -188 129 53 17 5 29 -35 -240 83 129 135 -115 -107 -23 56 -7 218 -96 -44 157 65 -19 31 -104 39 261 25 -97 245 -147 158 180 137 -68 76 -101 116
-16 -27 -154 62 39 -141 -69 8 213 3 75 5 63 42 -116 66 -134 45 103 190 6 34 100 44 -204 -84 -82 -116 41 -197 -21 65 150 -88 15 190 160 212 -166 27 -102 -119 79 197 6 -16 -113 115 149 135 -130 113 259 -107 75 -81 98 -19 154 1 43 174 21 -103 55 14 -55 36 -159 -25
-131 73 -105 73 -19 -41 -53 13 -26 -181 -67 -99 267 79 231 86 113 6 47 -125 111 -69 49 139 -80 -16 190 119 92 -50 161 -239 -188 5 -118 152 56 146 -64 189 67 113 -30 -95 74 -25 -102 45 73 194 -22 -75 195 39 153 -36 -31 -25 -21 103 78 99 154 14 -122 2 -151 -34 -35 143
111 87 -116 -36 10 131 -10 146 110 -32 51 124 37 -21 316 -19 -211 -46 -140 -80 20 -21 -40 76 -141 -27 246 142 42 133 222 -253 65 56 25 54 -113 -159 21 140 80 -61 19 -136 -50 0 -37 -59 43 48 -30 136 240 47 121 -23 79 12 -33 0 -227 94 104 10 79 30 55 44 -182 173
165 119 -140 -116 -68 61 113 74 -150 -98 -34 193 -24 -138 115 86 76 61 -89 -32 163 152 -147 -223 78 5 72 168 -70 -45 0 -26 -97 -100 -65 156 -45 -274 287 -63 153 38 -40 30 -67 29 -80 -199 -69 -85 100 1 -71 75 339 -134 -7 84 -126 -55 -55 90 9 34 -58 -73 -36 128 75 -133
-4 181 69 57 28 42 -33 62 -174 46 -278 65 -100 -108 -141 -76 109 -46 3 9 -14 -105 -24 -207 39 -43 180 126 125 -97 32 -110 -102 157 46 -75 -39 6 2 -1 79 143 14 138 48 -48 -15 54 98 32 44 18 -31 -17 -63 75 83 23 73 -29 -116 19 -78 2 -41 -12 56 -83 26 -30
181 -16 -141 -68 -43 -97 48 -19 -66 -106 14 171 11 38 162 -217 -3 -152 60 -59 -32 -72 -99 -130 112 -174 58 -117 79 -138 -155 -42 -8 -139 -56 -117 -135 -17 -10 87 -83 -80 121 -27 -203 205 -36 128 -83 -148 35 136 -33 -61 8 -8 20 -30 76 13 -66 77 -73 -2 -189 -35 -104 -23 -148 -144
2 6 -42 38 54 -72 -164 98 119 -53 -22 -50 127 208 17 -184 68 54 54 44 22 66 -5 -87 -178 160 -71 24 105 -44 41 -72 7 22 -64 -97 -17 60 5 123 -70 -46 172 6 -41 203 -192 -74 115 -38 -2 -85 32 -42 -239 71 200 -135 136 110 -51 -83 57 89 -12 -137 -6 -21 -27 -143
63 201 51 -61 -85 70 -110 -194 199 -5 -28 -83 -74 118 -78 -61 21 31 166 56 -4 29 89 -46 150 -7 24 109 -16 -188 -111 -128 102 63 23 117 -306 57 39 -51 54 6 14 145 -210 191 -64 -68 130 -213 -51 132 17 161 -221 127 133 92 140 -106 -41 -108 175 90 -45 19 -36 65 -91 27
42 -92 -34 123 116 108 -23 68 47 57 -23 -43 21 8 -100 -52 -34 143 168 38 -21 54 -149 -19 -6 -24 -123 -16 21 25 -127 -58 138 128 -4 -82 -176 8 -89 -38 75 47 80 90 -140 -20 -57 178 -81 -150 -81 3 -113 38 -4 -162 167 -63 139 -20 -47 -21 -81 183 21 232 -75 -19 -108 0
-197 77 26 103 -134 -31 225 -94 186 70 -124 17 189 18 79 -162 -176 -125 274 18 -119 52 -7 151 -38 -66 -26 -10 43 -64 -51 -57 -149 -26 137 218 -128 -2 58 -1 98 244 42 10 -12 -26 46 -130 -70 4 -6 21 49 -65 -36 15 -60 21 145 7 -8 33 -78 54 92 178 90 146 42 48
106 -80 -50 179 123 -73 162 -6 165 -18 -52 -169 14 178 -56 -101 -13 121 81 106 -50 16 -102 -60 -21 -1 45 115 52 10 -28 167 44 116 111 56 -162 13 -101 258 167 147 9 67 5 -90 -85 -47 -115 -40 55 -64 19 -185 -69 82 -87 -100 121 124 68 184 -42 -20 28 222 -23 22 95 -5
-98 189 126 24 -206 -111 -26 -120 93 -38 -6 -49 259 -28 -89 -56 14 16 44 -111 60 -64 -143 -10 -44 -69 32 151 -119 -23 -6 157 45 9 111 17 -80 109 -78 175 87 -33 114 186 -120 209 76 22 59 92 -109 -94 -10 -115 -126 53 17 4 -28 41 -49 112 44 -160 -1 24 72 106 -53 -91
-207 -44 69 -15 -142 34 -34 15 99 86 -79 -12 -31 173 -148 -130 -44 -73 176 -79 66 -221 33 123 111 -61 -196 38 -110 63 -16 -104 13 -129 -82 81 -192 39 35 -57 106 98 -65 -94 56 293 26 -6 41 -46 -58 -57 -21 -133 90 52 107 -75 52 60 -182 84 160 -65 166 -13 -40 23 11 -35
-3 3 -64 60 -34 -7 233 169 -134 -19 110 -128 192 -122 -80 -92 90 -19 174 -66 -166 17 202 -62 114 17 250 -57 -87 104 109 51 62 -8 128 -142 -79 89 13 -73 -45 -84 -41 -86 -55 138 -67 52 120 4 -196 -13 -7 71 -50 130 -272 -10 116 65 -126 73 54 57 -18 -16 143 -95 -86 -53
-192 129 -60 -222 -35 9 194 45 -145 -46 121 282 211 -92 42 155 22 -79 156 -163 -66 21 126 -157 108 -111 173 237 -56 159 93 14 -35 -33 -13 -1 95 26 95 -57 55 5 -17 112 11 106 -25 -20 -78 -87 -34 -86 179 0 61 195 -40 50 -43 117 7 157 -65 118 169 63 15 36 -52 103
56 112 -111 100 68 -172 -28 135 -47 -100 110 2 -183 35 -25 177 -166 -139 -104 -48 148 -82 21 113 4 -190 62 0 50 -12 320 53 0 -52 -12 241 246 -103 80 94 17 -29 -107 -91 18 -116 49 72 -73 -111 86 -165 -16 88 90 74 165 90 -152 0 27 206 91 -70 -128 23 82 -120 -140 82
-2 161 -174 109 81 102 -169 -120 37 -72 35 49 -53 38 -125 137 47 147 98 -27 101 50 -167 75 25 -85 -107 68 -81 43 20 142 56 -70 19 -154 -156 -11 106 104 17 -205 -132 -128 -26 82 8 -3 75 89 35 -177 66 5 -83 -10 175 37 52 -14 117 -97 -52 -26 -13 8 -107 146 15 -21
-57 -41 -55 135 57 102 -71 -266 33 -137 96 27 -18 -55 15 -173 46 -26 107 -4 22 161 178 -27 -15 107 57 113 -92 87 6 190 -97 4 69 -124 -180 -148 -73 -43 5 -35 -86 -1 -11 152 15 -70 50 -92 37 -60 -27 -17 -42 36 12 -102 -14 94 14 -151 63 76 -124 93 24 40 -127 28
-9 63 44 168 -11 242 -140 -92 104 -11 -83 -100 223 128 -70 -104 -13 0 150 44 144 89 229 -99 -63 -55 -20 1 6 96 50 -49 -238 -11 64 122 -46 139 0 2 78 40 -109 118 10 55 -59 -41 11 -67 -100 -13 -121 -214 8 19 55 -14 3 -87 12 -181 -16 -93 36 -8 -75 73 -82 -195
-71 -3 -44 -183 -62 123 -98 -18 28 -18 -162 192 117 -17 165 72 -2 -109 -110 9 -25 3 100 -208 32 -88 -169 27 -75 78 -27 -79 -177 88 -10 -177 -155 126 -135 37 138 -42 -137 -32 -133 -110 -83 -127 -98 -55 132 31 -112 20 -68 73 -60 57 -83 51 -250 -176 -84 -156 48 -77 -27 -41 89 -34
-100 -145 -80 126 -90 -22 -12 -30 62 31 23 53 -93 -107 -47 -91 85 -168 137 9 65 92 43 69 -42 -63 -96 -19 153 48 -125 179 -11 13 10 -90 4 80 117 111 92 13 -135 97 89 22 72 9 -113 -22 144 -50 16 235 -121 -7 233 40 -98 2 -42 0 139 -59 -70 146 -111 -91 132 -24
10 12 -45 -116 26 296 98 -10 110 90 93 101 -129 193 117 -86 -71 -105 -110 28 18 -73 -121 135 149 -90 46 1 151 48 -89 197 131 -5 108 54 50 6 222 22 73 -80 22 -52 152 -194 45 -47 -20 30 187 -39 61 -47 66 -6 77 -47 71 65 -80 -46 -38 -130 121 40 -111 -23 108 42
119 -22 18 -8 130 123 15 -99 -50 5 -117 -40 13 174 -129 -105 56 174 87 57 50 40 -104 49 -112 -130 -87 141 139 135 -133 9 -40 -80 147 17 54 55 26 142 45 -47 -156 68 99 30 -68 -26 81 -86 -107 19 61 148 -55 228 13 90 186 -75 -167 36 14 -93 40 -78 -124 -107 -60 65
-112 -126 -118 170 114 114 -131 64 42 73 46 19 -47 62 76 63 8 -121 60 53 -50 57 38 -48 -63 -10 -139 163 -28 82 9 70 -217 -169 -8 -242 -172 4 35 7 72 84 -3 115 -179 33 -89 32 122 -60 -26 114 -95 175 -71 73 -164 4 78 175 -20 125 74 163 -66 122 66 -198 6 -74
-56 -51 11 -148 -162 -9 -146 45 35 -117 57 77 253 33 -6 -83 57 -29 4 -69 -2 113 45 -114 -153 65 -47 159 133 -49 -227 -66 -140 57 67 6 -194 148 120 4 -105 -16 65 -107 104 101 105 -5 -21 66 2 -57 -45 -107 -80 181 -128 -167 1 -34 89 168 125 120 -20 102 -42 -127 162 35
-70 -47 -22 -210 -57 47 -183 -20 -20 2 24 96 187 78 -56 60 58 -32 77 -120 117 92 83 102 127 99 87 50 -85 -20 -134 10 106 -53 -108 105 128 239 -16 -111 -34 -106 88 207 44 236 69 13 38 -180 74 36 2 33 87 81 2 -208 -119 6 -40 126 23 -8 211 -53 -9 49 -13 -49
-153 146 -10 -115 2 -95 -66 4 -27 -65 0 20 41 -17 25 150 -28 -40 -16 117 -14 -28 64 150 -23 -47 271 -108 184 -180 -9 -45 23 9 131 115 2 52 31 -29 73 -33 -30 84 -168 74 38 178 -105 -107 46 156 181 36 131 30 -87 131 -46 -158 159 159 8 -47 -16 -12 -8 49 -12 -61
126 64 -131 -97 16 -109 195 -92 23 -41 -115 -30 0 47 135 -51 -14 -153 96 93 -98 70 -13 -89 59 -45 62 41 -152 -123 58 -89 1 -123 -19 29 145 169 -83 -53 34 199 9 49 -68 22 17 -15 17 -42 113 2 200 186 204 -61 168 35 37 -48 -8 -21 34 -69 -158 0 -22 87 -90 -3
184 -57 -140 114 -7 196 -32 -56 -74 -114 22 -3 198 142 -204 -2 -37 -164 -130 -50 -138 40 -32 3 113 13 -75 65 -25 -170 56 175 0 131 79 -109 110 60 -26 159 -11 80 -138 -19 17 115 89 -37 -29 41 -13 -150 62 116 -26 154 -47 -126 130 -1 66 -98 -1 -25 120 13 32 36 24 -104
-158 13 -156 -46 -102 26 -202 -30 -102 143 10 54 -85 87 -75 -106 -156 -63 111 182 -53 131 40 -19 38 -72 75 16 -118 -258 -118 130 119 63 122 -116 15 -95 27 84 -88 -76 -147 30 -4 154 65 83 -104 -56 189 15 -167 162 -66 -41 -2 46 100 -145 220 64 -18 267 9 83 -136 15 -50 58
40 -158 92 -40 -104 128 -166 -117 -188 7 154 45 125 -6 -40 -39 -218 114 -115 -2 -133 55 124 18 -74 73 -36 -54 -145 130 179 172 -57 8 31 40 124 119 -47 27 110 195 -65 210 50 54 87 -55 1 59 198 55 -15 28 142 16 -54 98 -5 28 30 -138 81 135 42 127 47 8 16 -72
-90 -127 8 -37 88 261 -44 7 11 -130 27 232 12 -16 55 37 6 -33 6 -177 -41 -98 4 59 2 129 105 204 34 25 -25 20 -52 144 212 -242 -13 -138 -30 -151 75 147 -28 -67 82 -23 51 -95 89 199 97 -131 -122 -111 -68 -96 -17 -7 -19 95 -76 -162 -78 136 3 22 -43 -90 60 -247
-37 18 -64 -67 -9 185 20 -33 -44 -135 153 224 -90 -149 124 -96 51 -48 -119 190 -9 21 62 238 -21 -21 -66 39 -118 3 -53 -64 49 115 321 -190 19 -214 134 -150 -6 -63 -90 -180 143 -127 -66 -38 -132 67 -85 91 -179 -58 27 -40 -34 -126 93 -104 -60 183 75 50 -17 9 -73 -26 -61 -56
35 0 59 140 -21 194 0 76 56 -132 95 234 100 8 110 -206 -10 -5 -7 193 58 100 -175 14 81 -24 -108 -66 -65 -160 -73 -6 -121 -75 154 79 33 14 -18 -18 34 63 59 -224 55 -178 84 45 -10 158 6 137 -172 -46 60 -71 140 86 -80 31 116 139 251 57 -60 -9 -81 41 -94 95
-5 119 143 187 -3 63 -145 238 -90 -146 258 259 -25 67 89 18 -44 -157 94 -10 -75 30 -64 42 138 29 -21 -67 -48 182 -30 -56 -174 -1 -6 -88 -12 6 126 172 27 13 -28 104 93 -20 40 -112 -110 82 90 -145 -171 -73 17 -30 126 -68 31 99 -76 -92 57 -172 70 -30 76 -142 8 -167
-118 5 -172 -189 -15 206 74 91 -232 59 29 95 -82 135 -78 49 -45 40 -5 87 139 15 68 110 -46 37 -27 37 46 -67 -168 96 -19 5 51 -47 -5 -153 -33 -7 54 118 -103 -107 -44 57 73 -189 83 16 121 164 -43 -63 -195 40 92 -73 -11 -97 -37 26 61 -22 -105 -29 69 -203 -60 54
-28 -40 61 -78 -155 127 -42 -137 87 -17 67 -42 220 -25 -139 -81 -97 32 78 61 -158 39 31 -29 -90 -14 -78 -73 -18 -193 -3 45 -13 26 93 36 -64 -77 -8 -32 -109 29 -60 84 -80 178 276 68 -156 113 -107 -70 -43 17 -140 -111 102 -117 1 19 -38 123 -192 56 12 99 -116 -78 37 -14
-14 113 58 -64 147 132 27 -77 7 -76 264 86 -89 205 25 163 53 -26 -117 -61 -51 37 37 226 -139 -95 -140 18 -69 -65 -74 236 -142 -129 0 58 76 101 -60 27 91 -33 10 1 -8 107 -44 94 -170 -44 92 -25 -9 -13 -100 90 129 1 -66 -65 138 -22 81 38 203 -182 21 44 -115 161
71 62 184 99 189 -134 -17 -139 131 -185 102 30 41 226 -4 -26 -50 73 -48 39 21 200 179 323 -96 104 -104 11 33 -99 -223 20 72 -166 58 77 4 153 -114 -113 2 134 27 155 21 17 180 112 50 -3 -137 -16 216 -103 167 38 109 0 -63 -46 234 66 -235 60 26 141 -63 2 53 231
-55 9 -38 -155 -126 -81 -48 193 -98 -89 18 90 30 181 -4 187 -34 -10 -29 135 91 194 89 134 50 -101 183 -8 -149 -232 -77 -7 174 37 142 -116 132 -159 30 18 71 44 47 36 -80 85 11 -19 -107 41 -91 58 105 111 128 -49 258 -69 199 2 90 -37 -172 -36 -104 0 12 -125 -33 -35
-2 122 -13 20 -164 -116 -70 -14 92 49 -22 197 25 237 -87 -184 127 -172 -138 74 -147 -238 0 25 -15 11 24 -148 -213 31 -185 -10 -110 -107 -131 145 -113 -21 40 64 -160 -44 -83 -90 39 -18 176 64 21 -48 70 -43 -41 -142 156 -156 39 -12 65 104 40 8 183 -186 127 235 -31 7 113 208
131 19 -36 28 -61 -63 -6 96 53 -191 96 121 203 51 36 21 111 -45 -7 0 40 115 113 208 -43 -43 109 189 -115 -237 -185 122 -101 -22 -45 53 -33 62 130 40 -106 60 24 -163 181 92 86 8 50 105 214 -76 31 -3 52 -177 70 -201 -93 116 129 -70 -40 -99 127 30 -137 31 -63 272
104 181 -17 58 -125 -82 -154 2 -184 -104 27 23 215 -21 137 100 74 -93 -34 125 107 -17 146 90 -173 -37 64 88 -157 -84 -216 -28 -5 -33 -4 26 -55 38 -79 17 -76 -87 -23 -50 80 -105 181 -151 -20 93 64 -108 84 11 -97 15 -118 0 146 1 135 -148 68 87 -19 146 -3 94 39 67
-40 -31 -19 -82 104 56 47 9 32 -128 33 -24 205 -1 -22 -89 -6 63 94 -106 -88 100 84 132 -18 56 -49 -29 -18 77 130 -21 -68 41 133 106 -168 145 -131 189 93 126 86 -56 19 214 197 -139 -111 69 173 -159 15 62 -9 -128 -119 3 131 -1 116 -131 35 208 130 -53 106 -99 -17 130
-113 -14 62 48 209 -2 -35 210 -113 -111 225 -18 214 38 98 -120 -119 30 52 16 -52 -55 234 9 21 26 -43 6 -15 105 -102 -31 -202 100 138 -3 -64 -9 -3 68 -226 -11 -84 -71 -132 186 51 -53 -3 328 -34 143 -28 -108 -55 54 -5 29 -56 37 203 -136 -151 253 -16 -65 -68 -58 -90 42
-319 -178 -61 164 -3 -69 -77 228 6 84 240 32 210 -40 101 -90 -80 -35 48 -180 27 -112 218 149 -55 -50 -22 44 -57 -43 -64 -165 -84 134 232 -79 -38 -141 -173 -56 119 0 -84 21 -197 209 -21 -81 117 339 -22 0 -88 -87 52 83 -52 -124 41 94 -106 -39 -22 -44 49 5 117 -34 5 78
-9 -22 -171 -66 19 154 -60 -1 -104 56 127 93 200 -92 85 32 96 47 209 94 11 -1 108 89 -162 127 52 135 23 -190 -21 -96 -51 92 83 200 124 65 -36 -40 12 63 -182 149 -22 244 -123 64 83 282 -30 29 -117 -131 28 -34 -45 -1 -82 212 41 79 -257 197 21 -61 89 121 -8 -126
-130 -53 27 -12 27 50 -101 -148 141 141 130 -21 24 -24 72 -87 -67 -39 232 -220 41 -146 53 36 25 7 -141 107 -16 -19 -200 -29 27 -23 18 122 165 69 -85 20 49 -1 -217 48 151 208 38 125 -161 39 170 38 32 -111 -24 106 -39 19 16 135 -145 -12 -131 66 223 102 -88 -181 17 -110
-37 -3 -154 -36 88 -123 -153 11 62 -160 15 125 -87 3 -46 61 -82 90 215 129 -169 18 28 20 -97 21 -37 -41 -143 -46 -106 172 191 64 -33 -10 135 309 -196 7 35 117 67 0 108 111 -1 149 70 84 59 115 -26 121 -138 -33 -12 -182 -199 -46 -126 -14 -159 55 228 72 -146 -79 -1 23
-46 -6 -12 68 82 103 71 -73 -11 -160 -23 52 -60 158 13 48 -10 -40 42 73 -39 174 77 328 -182 19 -46 -96 -187 -54 -146 164 91 89 -59 70 21 182 1 -102 -5 -20 126 -39 150 -130 114 -64 59 -3 233 161 -1 -19 32 -238 -19 -88 113 8 123 135 -2 44 130 30 0 104 -23 123
-136 -112 -50 203 20 -161 -47 -93 186 -11 -94 -121 -74 211 73 44 132 -175 -164 208 7 -18 -3 330 -82 87 72 -204 -139 -65 -221 105 -8 28 -12 103 -84 106 57 -120 -181 16 144 -25 -32 -11 -66 0 33 -109 41 -22 -120 -33 62 59 137 -13 144 -296 120 92 22 -25 24 -97 -67 88 76 33
91 -25 45 156 44 -195 -52 101 272 55 -42 -39 -127 174 -68 50 87 52 18 0 -90 -113 -107 -102 -7 5 -19 9 103 -95 38 36 -25 -169 120 31 -188 11 8 18 -212 96 -76 -54 81 83 -123 -101 -22 -82 40 -8 196 140 -84 174 133 108 -50 -218 96 -15 -109 27 -80 -147 97 -32 -142 -67
-9 -23 30 -26 -8 -6 24 83 305 -104 -98 137 -206 19 -174 2 96 35 125 78 -15 -196 166 39 179 0 -95 -72 62 -25 144 86 273 -19 44 146 122 21 38 34 -101 103 -240 -330 106 -139 151 31 40 -28 -22 56 -118 -85 -98 -79 269 182 -150 -286 60 77 240 -205 -87 -227 -96 -54 14 -146
131 46 48 -73 -208 82 92 203 -90 -118 28 -23 -69 214 81 132 23 53 -22 0 161 104 -77 4 4 36 -43 127 246 -20 32 63 -16 12 -67 147 15 190 191 -52 -102 21 6 -152 24 51 -31 -156 100 47 -66 27 -33 214 52 57 209 227 -76 -60 1 123 97 133 -129 0 -48 -76 -193 -195
-20 43 -69 -173 -120 189 -133 -109 -59 -12 -21 -24 0 124 -164 131 37 -38 95 -20 29 -102 -103 27 36 62 -63 40 -52 186 1 35 -145 14 -98 66 -38 -55 97 30 12 -58 126 -37 -36 -77 16 143 -36 -56 86 32 -17 226 137 -9 76 -79 -126 23 -148 105 134 -22 81 75 -14 -66 -36 81
-14 140 -72 143 21 94 -16 96 34 22 -50 22 -68 188 5 -12 -49 -33 -76 -19 -82 -216 109 38 15 -35 -162 117 4 132 59 -83 -86 160 71 64 -55 10 -85 0 -53 -172 37 -10 68 107 33 91 54 -134 122 -62 -31 288 38 119 -59 0 -31 89 -42 -74 50 88 -26 109 -124 151 -114 58
-2 185 30 30 0 -191 -107 -102 -40 -77 -95 -100 46 135 -26 129 31 -121 -53 31 -26 -39 19 55 -37 34 -107 -121 -77 -56 52 109 -138 -66 -115 -126 -198 -7 14 115 -225 -177 74 25 0 81 90 44 42 -105 -118 -162 13 -94 136 228 64 72 91 107 -63 -79 27 173 -15 -163 -43 -37 -48 129
181 199 20 49 -132 -50 -127 -143 57 -63 77 102 44 33 -187 -2 109 -32 -219 -138 -54 0 11 69 -62 126 17 136 62 -57 198 145 96 -81 -191 -163 -107 98 65 122 -193 -55 124 7 63 303 60 161 -87 188 86 -67 155 -2 28 83 -133 72 -137 99 68 -191 87 54 -146 -63 -163 -28 18 -29
162 85 -52 8 213 98 -67 77 -134 139 -109 76 185 217 85 -36 49 -35 -68 3 -79 -33 -52 97 -86 -77 96 20 156 53 -152 -20 52 -153 35 -15 -102 117 -139 88 28 9 4 73 82 175 28 -91 -85 -149 80 -101 136 67 33 88 10 148 41 -67 -60 -105 -94 75 34 -62 -94 66 -93 38
-241 15 -94 -66 20 -7 6 -46 -68 55 -10 103 153 40 60 128 118 -14 164 133 -133 38 45 149 106 -44 63 -60 -119 55 -29 -134 0 -36 -147 -50 -71 -82 -11 -102 76 -135 -48 -62 24 -74 47 -23 29 87 129 -58 -26 159 101 27 -79 75 -13 60 -22 -1 43 -89 5 172 -110 -40 51 252
-140 -295 41 -62 -74 95 -105 -76 104 10 -16 157 82 92 -30 181 -66 -122 -80 47 -19 -63 -12 54 -27 28 -68 -72 -63 -79 -2 17 35 -8 -195 163 52 152 115 -121 -110 5 117 -112 127 -22 0 141 143 144 190 19 -52 -109 125 -17 9 107 -66 -84 -121 33 -54 -267 161 29 120 -106 -80 126
-134 -98 -176 -108 63 -176 149 -7 -50 5 2 185 22 77 -70 111 73 -67 -73 148 10 -87 -214 32 53 -31 -64 -8 -114 167 26 74 -38 -136 -81 280 43 156 100 -76 -140 -250 -110 -143 130 -1 25 175 37 -7 97 104 4 -105 253 49 32 314 -102 -59 -211 81 109 -323 33 -84 -45 -155 68 169
32 -55 -90 -76 -84 -262 -67 -4 179 64 -28 45 -231 258 -54 -110 14 86 259 199 -93 -15 60 102 146 -2 -123 16 10 -20 142 277 148 -86 -91 85 168 -29 36 99 -50 -160 -193 -365 29 -39 199 7 -81 -55 -61 11 157 110 36 -21 -39 292 170 -277 -79 92 119 -391 0 194 -47 -34 -105 -202
61 76 15 94 0 140 114 -44 12 -46 18 33 -38 14 -83 -48 202 -22 68 130 0 80 -41 -148 43 148 -104 105 -84 29 124 45 -62 -126 -71 74 -2 44 121 116 -37 6 35 8 -104 -34 -111 80 -88 -16 227 8 64 89 14 80 -62 17 -101 -54 -150 -60 -78 22 20 67 -145 101 -44 0
216 -26 72 -14 -12 86 336 129 -117 -7 -238 -69 -86 -253 129 44 91 -27 72 -51 2 100 14 43 190 20 -38 44 130 1 75 -166 180 -84 -36 234 1 -5 -85 39 137 270 343 283 -116 44 -61 -95 -8 23 -36 18 132 45 3 110 130 -110 167 6 10 -105 -223 164 34 106 65 -46 41 104
223 -197 -107 35 150 -11 128 51 -12 -100 -21 -20 -26 -148 145 20 -6 -32 48 -59 -104 -13 -125 136 6 -17 -177 -61 28 -43 121 -157 220 -25 -54 78 70 243 -159 191 84 -105 183 60 -33 112 -141 63 63 -4 98 10 209 103 -127 6 52 -120 -51 90 61 193 -50 66 2 -92 -52 -36 -8 -52
226 -81 -125 17 10 -177 -40 -106 27 111 26 25 76 -73 -110 -9 89 -3 -18 100 41 -72 28 170 74 -28 145 -113 -20 -184 31 155 -64 -149 23 8 59 75 19 -19 -43 -76 -15 80 87 5 -155 140 -85 -116 40 -94 96 102 101 53 35 125 -36 39 58 -91 70 -63 49 0 -96 64 180 107
-17 -74 37 227 -68 104 -136 38 -66 138 4 187 -82 95 38 86 -106 -75 35 162 -70 49 45 -41 55 -166 196 -163 52 -65 72 128 -54 -70 -56 -84 63 192 160 -46 182 -183 -42 9 -51 -61 -93 159 2 49 -80 87 76 133 39 15 7 45 -81 43 47 91 11 -29 30 12 11 14 -71 116
110 -170 -186 49 -91 167 59 219 -30 47 38 129 -75 40 131 175 46 -65 -2 -15 -131 35 -143 37 -105 97 175 33 12 -122 -92 -15 83 -10 -26 -92 -130 7 -100 32 -61 -47 84 -113 -11 22 147 -30 -41 -38 77 -28 30 108 110 71 53 40 -63 -88 3 -115 39 -99 82 10 -21 120 24 13
-29 70 165 -124 5 0 25 173 -4 96 32 -24 -141 72 -73 17 35 40 22 26 -51 73 32 -39 187 -119 28 -11 47 11 136 240 0 3 -76 -158 24 97 -89 -14 44 -59 171 31 -6 82 50 92 159 -90 -22 -113 130 245 126 -34 225 5 -133 74 46 20 59 -59 -81 -76 16 -130 -56 -62
-149 9 20 -58 -68 -61 -122 46 -105 22 -2 -29 -101 98 17 85 133 -32 10 -88 -173 181 78 6 29 -52 125 -173 84 94 127 83 89 -26 -228 -6 39 40 8 168 22 -70 216 92 104 -98 31 140 -22 -40 161 11 145 -7 111 71 45 -42 39 8 143 74 -68 -121 -71 -133 -120 -164 2 -33
-50 70 58 -72 75 -2 -19 200 109 -17 -168 125 -4 118 -54 88 -20 -166 -26 -31 -23 36 25 -32 111 -88 39 0 193 103 5 -16 171 24 -30 -29 103 54 8 33 -15 49 44 81 100 -149 67 162 -92 -60 182 -98 107 1 226 97 -49 -66 -18 -168 152 122 -91 -260 151 92 16 -13 -123 126
75 184 33 -114 64 -92 145 113 21 122 -7 99 88 -21 -89 213 10 -54 -13 25 -37 -66 121 -101 -118 59 -67 -104 180 -57 257 38 7 96 117 63 205 79 -104 -15 -114 23 97 27 -56 -150 -29 29 57 121 -138 -159 176 127 179 50 106 -95 -179 -169 -54 133 -104 -47 -57 30 92 -11 -84 1
49 90 -14 129 36 -71 46 47 140 -90 -41 0 148 -233 286 55 1 -49 -69 -47 -170 -32 20 -52 13 143 14 30 94 -114 249 -156 -58 75 72 226 -117 10 84 7 -70 4 16 19 -35 -35 -101 -99 -127 -23 7 -29 279 203 182 70 26 -13 7 99 44 18 -216 111 -246 76 -44 -1 -127 22
-30 10 -39 169 80 14 298 106 37 -24 8 -122 134 -87 332 -53 -120 0 -46 34 76 -54 -213 -30 81 -15 -61 105 33 -102 150 -36 31 10 16 269 -159 -10 172 41 142 -13 -90 181 -129 63 -119 42 -70 -81 -47 -106 66 252 141 218 157 53 202 194 -45 -211 -63 109 -53 60 -63 48 -140 -57
36 9 29 74 125 -51 194 -118 -93 -167 -21 59 -72 -176 89 -90 -41 9 131 119 -149 10 -64 -114 165 -64 47 -30 46 131 204 -158 71 155 -49 150 -118 -149 189 158 119 282 109 104 119 34 -102 112 -120 77 -56 -151 125 -6 108 60 72 177 92 128 -121 67 -179 22 -77 126 -52 -212 -95 4
