192 125 113 86 341 294 82 31 39 82 141 133 117 168 98 78 78 94 98 109 125 133 125 101 105 113 125 156 129 164 180 254 325 317 356 400 427 443 474 482 560 580 517 466 407 352 301 254 227 196 164 133 113 74 62 43 31 19 3 3 3 7 7 7 19 35 43 54 74 117 137 184 278 360 39 82 109 121 133 172 254 305 227 43 47 39 66 86 86 86 113 282
223 125 90 101 313 309 50 31 39 74 141 117 101 121 78 78 98 125 105 117 137 141 129 121 133 86 133 149 298 380 447 447 415 521 556 545 647 745 745 745 721 682 666 474 525 447 368 337 305 282 247 207 184 141 113 90 70 50 23 3 3 3 3 3 11 19 31 54 74 105 125 152 227 364 94 82 113 121 117 137 227 270 250 74 50 39 62 78 78 78 105 266
215 133 78 117 247 317 58 31 35 62 113 101 82 86 78 90 109 105 90 109 129 141 164 117 172 317 470 545 592 513 556 666 729 776 772 796 792 811 792 800 796 784 776 772 639 521 482 450 407 372 329 294 262 215 188 156 121 101 66 39 19 3 3 3 11 7 15 43 58 82 109 129 180 266 188 78 94 125 117 117 203 282 321 78 50 43 58 62 70 70 70 274
117 62 435 521 196 305 82 27 35 50 94 86 78 70 78 113 121 101 82 101 125 192 129 309 525 654 733 811 800 823 866 874 878 866 882 909 925 937 925 941 913 850 803 780 729 666 647 564 517 458 411 376 349 317 278 243 207 180 137 101 66 23 7 3 3 3 7 31 47 58 78 94 137 188 176 82 94 121 113 98 200 301 274 98 58 43 54 62 62 58 66 298
105 62 470 552 152 274 129 23 31 50 78 78 66 78 101 141 113 86 70 74 54 305 482 674 788 835 843 890 921 909 921 905 921 929 917 890 886 960 972 992 988 949 894 823 803 721 678 627 572 541 498 447 415 392 360 349 298 258 215 176 133 90 50 23 7 3 3 7 23 39 50 62 90 137 152 101 101 121 117 109 188 301 282 133 70 43 43 54 50 47 62 325
215 70 462 494 145 262 145 19 50 58 70 66 70 98 117 121 82 90 31 129 501 752 819 890 929 909 929 937 925 949 945 968 964 996 988 996 1000 996 996 976 952 898 858 843 835 741 694 639 615 549 529 498 474 447 415 388 372 352 309 258 215 164 117 82 47 3 3 3 7 31 43 47 50 86 117 125 109 125 121 117 188 298 270 176 78 58 35 39 35 27 62 321
231 74 431 443 152 262 168 27 47 50 58 58 74 98 117 125 129 101 239 584 760 854 917 929 929 917 921 937 917 941 952 972 996 996 996 996 996 996 996 972 952 929 886 831 772 709 666 631 611 572 556 525 494 470 450 435 423 407 376 349 305 254 200 149 109 66 23 3 3 11 23 39 47 58 82 105 105 125 113 101 160 301 294 200 86 70 31 11 11 7 62 301
219 70 380 462 74 270 160 47 58 54 43 50 82 105 133 152 207 286 639 792 870 929 921 929 921 933 941 941 952 956 968 980 992 1000 996 972 956 933 921 909 878 768 705 717 705 678 639 623 592 572 564 537 509 505 482 466 454 439 431 403 364 321 278 223 180 141 90 43 7 3 7 15 35 39 58 94 105 125 109 113 164 317 305 207 86 62 31 3 3 0 109 309
188 70 341 435 23 258 176 66 58 54 54 70 90 113 145 215 282 635 850 917 909 917 929 933 937 952 952 952 964 972 984 988 980 964 921 890 847 815 803 811 800 741 725 701 674 647 600 584 564 564 560 541 537 505 482 466 454 450 454 419 388 364 333 286 250 215 172 125 62 11 7 3 19 27 47 70 101 121 137 145 258 294 313 211 90 70 43 0 3 3 109 317
172 58 341 435 23 250 168 70 70 70 78 70 86 109 196 227 517 807 866 894 913 917 929 941 956 952 956 960 972 988 984 984 984 968 933 890 847 827 760 705 658 580 619 611 572 576 564 564 568 560 545 533 517 494 470 462 447 431 423 415 384 372 341 321 286 258 239 231 164 74 19 3 11 19 31 47 82 125 200 239 352 313 439 243 98 74 43 3 7 3 101 321
129 50 360 427 39 223 156 78 78 78 70 70 98 133 290 486 729 858 874 905 913 917 937 941 952 952 952 949 945 960 976 956 901 835 807 776 733 647 588 576 564 584 568 545 537 537 537 568 564 552 541 509 490 454 431 419 415 407 400 384 364 356 345 333 301 301 294 278 247 184 90 15 3 11 15 31 50 113 321 427 329 270 447 274 70 78 58 15 3 19 109 341
129 113 286 450 70 200 149 98 86 70 70 90 137 235 454 619 811 866 882 894 909 917 929 945 952 949 945 949 968 984 956 882 800 749 698 658 588 552 549 552 556 549 529 517 509 521 521 537 533 521 486 458 435 403 384 368 368 376 372 364 349 337 329 317 313 313 309 313 294 270 215 98 27 3 11 15 23 82 243 301 282 274 262 129 82 101 98 98 117 129 250 341
74 168 278 458 137 196 152 109 78 70 82 125 200 368 584 733 811 847 886 894 894 909 917 929 937 949 964 968 949 854 827 788 772 705 643 603 580 552 549 549 537 517 509 494 498 509 517 505 498 466 439 411 392 360 337 321 317 325 333 333 317 309 305 301 301 325 309 309 313 317 313 247 125 15 23 11 11 54 156 258 329 341 349 333 376 419 415 325 321 325 345 345
329 360 341 392 345 274 168 101 70 78 109 168 282 450 639 756 803 831 850 866 870 886 901 925 952 949 941 941 890 831 800 745 701 662 627 588 580 552 537 513 509 498 482 462 470 490 486 474 450 403 388 368 349 317 301 298 282 286 294 290 286 270 274 270 274 290 298 305 313 321 333 325 250 98 43 23 11 43 121 239 325 352 360 356 360 352 352 352 352 352 349 341
392 392 396 396 372 298 196 113 90 90 133 239 376 537 705 749 792 815 835 847 847 854 890 917 921 886 823 780 792 807 764 713 670 658 631 600 552 576 560 541 533 513 486 458 470 486 474 466 431 396 368 329 305 286 274 270 266 270 266 266 258 250 258 250 250 258 270 286 305 313 325 333 305 231 90 23 15 35 94 231 321 360 368 360 364 360 364 360 360 356 341 352
415 400 407 400 407 286 176 121 101 121 172 301 466 619 698 733 780 796 803 803 831 847 870 894 890 886 866 839 823 811 800 780 749 694 670 650 658 631 615 572 568 541 525 505 490 474 458 423 400 380 345 305 282 274 262 258 254 250 243 243 231 219 227 223 219 235 239 266 298 301 305 321 321 290 164 47 23 27 58 207 325 384 392 388 392 388 403 403 392 372 345 356
415 407 411 407 368 262 145 117 113 152 258 380 564 619 690 725 752 776 792 827 843 835 847 890 862 847 843 831 831 843 815 788 764 737 701 662 686 690 662 631 603 572 537 545 501 478 443 356 415 372 333 294 270 270 266 254 247 239 235 227 219 223 207 200 215 207 219 250 274 294 290 305 325 298 243 105 39 19 39 176 341 439 435 443 447 443 443 450 435 400 356 364
466 454 450 462 392 254 164 137 137 207 352 466 568 627 662 705 733 756 776 784 792 815 827 850 843 831 835 854 882 843 815 788 780 749 756 792 745 717 690 654 611 580 541 517 517 509 505 564 474 376 325 301 290 278 270 254 247 239 235 227 219 223 215 207 203 196 211 231 250 270 278 290 298 305 282 176 70 27 43 152 356 454 470 470 474 466 470 470 466 419 364 368
478 482 478 470 392 243 160 137 156 262 392 482 584 627 650 701 717 733 752 760 780 800 811 823 819 827 831 839 819 792 792 780 780 756 752 741 737 725 709 658 619 568 537 521 521 498 478 450 407 352 313 301 294 282 274 266 254 247 247 235 227 223 215 207 203 200 211 219 231 250 262 278 278 298 305 239 109 47 43 141 313 439 462 474 478 470 470 470 462 439 380 376
478 482 478 462 392 254 156 145 203 309 439 513 572 615 654 698 694 709 729 741 741 764 772 803 815 823 823 831 823 823 803 807 835 819 752 749 741 721 674 611 607 572 541 517 505 478 450 403 364 325 309 301 301 282 278 282 274 266 258 258 243 227 227 215 207 211 207 207 219 239 254 262 270 290 298 270 180 82 58 117 239 450 458 474 478 470 478 470 482 450 396 384
486 482 474 447 431 164 129 156 243 360 466 521 572 623 658 686 682 701 698 717 725 741 772 780 796 815 827 835 823 815 784 682 607 674 729 725 701 670 643 588 572 552 549 490 478 435 415 376 352 325 313 294 298 294 290 294 290 286 282 278 262 250 235 227 219 211 203 203 211 227 247 270 270 270 290 278 219 117 54 94 203 431 470 498 486 494 486 490 478 466 407 380
490 490 486 466 341 160 137 172 282 400 486 533 600 647 674 686 678 686 682 698 713 733 756 784 800 819 835 839 815 819 800 772 749 745 713 698 631 615 576 545 509 490 462 443 423 388 368 349 337 317 313 305 309 313 313 317 309 313 313 298 282 270 254 235 219 215 207 203 203 219 239 258 258 262 274 278 247 164 78 78 168 368 482 486 494 494 486 478 470 454 407 392
498 498 482 447 305 156 133 207 325 439 501 552 619 650 686 674 650 670 674 682 682 725 760 784 807 839 858 870 886 835 803 772 729 701 662 623 596 560 505 478 454 439 407 380 368 352 337 333 317 305 317 317 321 329 333 333 341 337 329 313 301 282 262 254 239 223 215 207 200 211 215 239 247 254 258 262 254 203 98 74 156 329 474 490 509 486 478 478 470 443 388 396
494 498 474 435 309 156 133 235 364 462 517 560 619 650 666 647 643 662 670 670 682 729 776 792 835 894 866 886 874 866 819 756 694 654 631 568 529 498 458 427 407 396 364 356 352 337 313 309 305 305 309 321 325 325 325 341 352 345 333 313 305 305 274 258 250 243 227 215 200 196 200 215 231 247 250 247 247 227 129 70 160 305 537 494 490 486 482 482 490 443 411 411
494 498 474 447 317 180 164 278 392 486 533 560 607 639 643 643 650 658 674 674 698 756 784 823 858 882 854 807 772 741 725 694 635 580 521 498 466 447 423 384 352 341 325 313 301 301 294 290 294 298 294 301 313 317 317 325 333 321 313 305 309 309 294 266 254 250 243 231 219 207 203 200 219 243 239 239 247 227 156 74 98 313 482 494 498 498 482 478 462 435 407 396
513 509 490 474 294 156 192 301 419 470 513 564 603 650 647 647 650 658 678 698 729 768 788 843 894 847 768 705 678 639 572 509 509 474 470 435 415 396 360 337 313 301 298 282 266 262 270 266 270 274 270 278 282 286 294 298 301 301 286 266 270 278 286 262 258 254 254 254 247 231 211 200 211 227 227 223 227 211 176 105 109 278 450 533 537 537 545 525 509 447 376 403
501 498 501 431 270 160 211 321 419 470 501 588 623 639 647 643 654 670 682 709 745 756 788 674 682 658 603 529 466 360 462 443 439 419 407 392 372 349 313 298 282 282 278 262 258 250 250 254 254 254 254 258 258 258 266 262 266 262 254 247 247 243 247 250 254 254 243 254 258 247 235 223 215 223 227 219 211 203 180 113 82 192 278 325 317 286 243 215 247 250 325 396
419 450 423 345 243 184 235 345 431 486 529 596 639 639 650 654 674 686 690 717 760 811 643 486 313 282 211 290 290 294 286 317 329 337 337 349 317 301 290 278 262 266 258 250 254 243 243 243 243 243 247 254 254 254 250 239 243 239 235 235 235 227 227 231 223 231 227 239 254 254 250 243 223 219 219 215 207 196 168 117 82 121 203 231 227 223 219 200 203 223 313 396
305 278 317 266 200 188 239 364 431 486 533 603 627 639 654 658 658 674 690 737 662 443 325 321 286 254 227 200 203 196 192 180 211 258 247 250 254 254 258 250 258 254 254 250 243 243 243 239 243 239 250 250 250 250 243 239 223 223 219 223 215 203 207 200 192 200 200 207 219 231 235 243 243 219 207 215 211 192 168 121 78 109 180 211 207 196 196 188 192 211 309 392
305 305 290 239 176 192 258 384 435 482 552 615 639 647 643 643 650 658 658 329 211 341 298 286 235 188 145 109 113 98 90 82 94 113 141 164 184 215 223 219 235 235 247 254 239 243 247 247 247 247 254 250 247 254 243 239 223 219 207 207 192 188 180 176 168 168 168 168 176 192 215 227 231 227 207 203 203 184 164 121 78 94 168 203 211 196 188 192 192 219 317 392
305 305 290 235 164 200 282 384 439 501 580 627 647 647 654 647 654 627 537 498 458 415 356 301 239 176 109 70 50 35 23 23 27 31 47 70 101 133 160 184 203 215 227 239 250 247 247 250 254 250 254 243 247 250 239 239 223 196 192 184 176 156 149 141 141 125 113 109 117 125 137 176 196 219 219 207 203 184 164 105 82 90 164 203 200 192 196 192 196 235 329 392
317 309 294 235 184 196 301 403 450 517 580 631 643 650 662 662 658 635 552 486 454 407 349 305 254 180 113 74 39 23 7 11 7 7 15 19 27 47 82 121 168 180 200 215 231 254 250 250 250 250 243 239 239 239 239 211 192 172 160 152 137 129 113 101 86 78 70 62 54 66 78 101 141 180 207 203 196 184 164 117 78 94 156 203 200 192 196 188 192 235 333 400
325 317 305 231 164 196 325 411 466 529 592 635 643 662 678 674 670 654 639 505 454 396 341 305 239 180 133 98 74 54 47 35 31 19 19 11 11 19 27 58 82 109 152 196 227 247 250 250 254 243 235 227 227 223 207 184 156 133 121 105 86 78 66 54 43 39 35 31 31 31 43 58 86 129 180 200 196 176 160 121 82 109 164 203 203 203 196 188 196 239 333 396
321 321 301 231 176 200 333 411 474 545 611 650 643 654 670 674 698 682 611 525 458 360 325 278 223 172 145 113 105 105 78 78 62 58 54 39 35 31 43 58 66 94 129 184 219 235 239 243 247 243 227 219 211 200 176 145 101 74 54 43 31 27 27 27 19 19 15 19 15 15 31 35 54 82 149 188 196 184 164 129 86 113 176 215 219 211 196 192 200 239 333 400
329 321 298 227 188 235 345 423 474 560 635 650 658 658 674 690 686 639 552 498 427 349 305 262 211 160 145 129 105 94 90 90 78 66 58 50 54 50 58 66 78 101 137 176 200 219 219 223 235 227 215 207 196 172 149 113 62 47 23 7 11 7 7 11 7 3 7 11 7 11 31 35 47 62 109 164 188 188 180 145 98 117 172 219 219 215 200 192 207 247 329 396
333 329 298 227 172 250 345 415 513 600 643 654 670 662 674 682 654 588 541 525 450 396 317 247 152 141 98 90 101 117 101 90 86 62 58 50 47 50 58 58 86 101 133 160 188 203 203 203 219 203 188 188 172 152 129 94 58 47 31 19 11 11 11 19 19 11 11 27 27 35 39 43 47 50 70 129 168 184 184 149 105 117 172 223 219 215 200 188 207 250 337 396
333 337 305 235 180 262 341 415 533 615 662 674 666 670 674 662 611 654 415 125 35 113 113 149 176 192 254 282 250 219 164 164 152 121 86 58 43 27 31 39 39 58 90 129 152 180 180 180 176 168 164 164 160 137 105 74 47 50 47 47 31 35 39 39 50 47 39 50 66 74 70 62 54 54 58 90 141 176 176 152 117 113 172 219 215 215 203 192 207 254 341 396
333 329 301 219 203 286 345 419 517 623 674 682 686 678 690 694 619 86 19 172 219 219 227 231 258 313 325 286 243 196 145 145 129 125 109 98 86 70 62 58 39 31 43 58 86 125 137 145 129 121 125 121 109 98 74 50 39 43 35 43 47 43 39 50 54 54 54 58 70 78 74 78 70 62 70 78 117 164 184 164 121 113 184 215 219 223 207 196 215 258 341 396
325 329 298 231 192 290 341 415 525 654 674 686 713 701 568 380 27 50 176 290 270 254 270 294 349 364 356 317 262 219 192 172 156 141 133 145 152 160 152 156 137 94 50 23 27 39 50 54 62 54 62 66 54 43 35 27 23 35 39 43 47 43 50 54 66 58 58 58 62 62 62 70 74 78 82 86 109 141 184 172 121 125 196 227 231 223 207 200 219 258 341 400
333 329 294 227 207 286 333 403 498 631 713 627 388 94 23 7 47 82 215 290 270 270 309 360 396 384 325 286 239 219 196 180 172 149 145 149 152 172 184 188 184 152 101 39 11 7 7 11 11 7 7 7 15 31 47 66 78 94 94 94 94 82 74 70 78 82 70 74 66 50 47 50 47 62 74 94 109 141 180 192 145 133 207 227 227 211 207 203 223 266 341 403
337 341 305 227 219 298 337 407 525 674 258 35 15 82 74 31 23 82 211 282 262 294 349 407 368 313 262 223 203 203 176 172 168 145 149 149 149 172 180 192 196 184 145 70 11 15 27 23 7 7 3 3 39 90 137 160 160 152 152 141 133 113 109 101 94 90 82 86 94 86 82 66 54 43 43 58 101 141 184 200 152 125 196 227 227 219 215 211 223 274 345 411
341 337 305 235 223 298 333 407 470 70 113 129 101 82 54 23 23 78 211 274 282 321 341 250 168 105 145 137 133 125 113 125 121 125 137 141 137 172 168 180 196 188 156 82 15 43 121 90 35 7 3 7 82 149 172 176 184 168 164 164 149 133 133 129 125 113 109 105 109 109 117 125 117 86 58 39 43 109 176 196 152 145 215 239 223 227 223 219 215 282 349 407
349 345 317 247 243 294 294 286 200 184 145 117 78 86 7 19 35 90 203 254 231 211 101 121 101 86 90 94 86 58 39 39 50 74 105 125 129 145 152 172 192 192 160 82 27 58 113 141 94 35 7 15 94 160 180 180 180 168 160 160 149 145 137 141 145 145 129 117 117 109 117 137 125 125 113 86 31 39 137 188 152 152 231 247 243 235 227 219 231 286 352 403
352 360 329 243 247 266 254 227 207 184 121 11 149 254 352 317 149 101 203 243 192 160 129 98 66 62 109 137 94 27 19 19 11 31 66 98 125 137 149 172 188 180 152 78 39 78 137 152 137 66 19 27 98 160 176 180 176 172 168 156 149 141 145 152 156 145 133 121 125 109 109 125 125 137 129 117 54 11 50 137 141 164 227 247 250 243 231 227 247 286 356 403
360 360 333 262 254 258 227 200 196 227 258 533 658 694 639 450 262 117 207 270 164 145 180 117 125 109 129 141 98 47 39 31 15 23 54 82 109 133 137 156 172 168 141 54 43 98 141 160 137 90 39 35 90 152 168 180 184 172 156 145 137 113 109 109 113 105 117 117 121 117 105 117 121 125 137 121 70 7 7 62 121 168 243 250 254 250 235 227 243 282 349 419
376 364 341 278 274 262 223 176 219 384 490 556 572 607 572 501 364 35 243 356 411 360 329 282 223 156 141 137 113 86 78 50 23 31 70 58 82 113 129 145 160 152 121 47 50 109 149 168 145 94 39 35 86 133 156 184 196 164 137 117 94 70 58 50 54 50 70 82 94 98 105 113 109 125 129 113 62 7 7 47 121 188 250 254 258 254 247 227 243 286 352 411
376 372 352 325 384 133 98 152 247 352 443 517 541 560 549 517 439 90 239 490 435 396 360 333 286 215 172 164 149 125 113 74 47 43 50 43 66 109 133 141 145 145 82 35 58 117 152 160 149 98 47 35 74 113 133 160 156 137 105 78 54 31 19 11 7 23 35 39 50 70 86 101 105 121 113 105 54 3 7 47 133 207 266 270 262 262 243 235 250 294 356 403
380 388 372 368 219 70 94 176 290 376 450 494 513 533 549 537 490 164 258 478 443 407 368 325 286 247 215 211 207 188 172 145 109 94 86 74 98 121 129 137 149 133 74 35 78 133 160 172 156 105 47 35 58 105 129 125 133 109 86 90 54 19 31 23 7 23 47 31 15 31 54 78 101 109 109 101 50 3 7 50 129 207 266 274 274 262 250 243 250 301 368 411
380 341 364 407 109 105 145 239 356 443 505 529 521 533 533 533 509 223 188 439 458 431 380 313 254 239 219 235 239 243 231 196 172 145 125 117 125 125 129 145 149 125 58 31 98 160 192 203 176 117 54 35 78 141 149 145 145 109 78 74 54 7 11 7 7 31 58 43 15 11 35 74 98 109 113 86 39 15 19 58 129 203 274 290 286 278 266 250 266 309 360 411
282 760 788 592 160 200 207 317 435 525 564 600 564 552 533 529 470 325 113 364 443 443 415 368 294 243 219 223 235 227 215 196 184 168 133 121 129 137 141 145 141 101 47 47 121 196 227 223 192 133 70 39 74 133 156 176 188 145 105 78 62 31 15 7 15 31 50 47 31 27 35 58 82 105 109 82 39 35 50 66 121 200 278 301 298 282 274 258 274 305 360 411
803 858 866 690 611 317 274 384 501 615 631 643 615 584 560 549 509 396 250 235 396 529 470 447 368 301 254 227 215 207 196 180 168 145 117 117 125 133 137 141 129 98 50 86 180 254 262 243 203 156 94 47 58 121 160 196 196 196 145 117 109 78 62 50 54 58 66 62 50 47 54 50 70 98 109 82 43 58 78 74 98 200 286 313 309 298 282 266 274 305 356 423
686 674 784 772 725 411 313 400 584 674 686 674 647 623 619 596 560 525 356 262 254 270 388 545 545 439 388 270 239 211 125 172 149 141 152 149 149 133 129 121 101 66 66 149 254 321 317 258 223 180 121 58 50 90 133 176 188 196 160 141 125 117 105 109 105 105 105 90 78 78 66 70 78 101 109 78 58 86 105 54 70 203 298 317 313 298 286 274 286 313 372 427
450 509 611 733 713 470 360 474 678 698 701 694 678 658 654 650 623 603 615 525 392 313 254 215 145 235 266 313 360 435 525 411 423 466 411 317 133 105 11 98 58 86 137 235 321 341 329 278 239 196 149 78 54 50 98 133 149 156 149 137 125 113 109 117 121 117 117 117 109 105 94 82 98 113 105 62 70 125 137 82 82 211 321 325 317 305 294 278 286 309 372 419
372 376 376 607 650 556 396 537 666 725 709 709 709 686 674 666 647 643 615 631 600 545 513 419 345 270 250 137 98 70 54 54 58 54 54 58 94 164 200 184 180 172 215 305 360 360 337 298 247 211 168 109 62 50 50 66 94 121 125 133 113 105 109 109 113 117 113 113 113 109 109 101 109 101 90 70 82 149 156 129 141 243 317 333 321 313 301 286 301 321 372 415
345 333 372 454 541 529 435 588 694 713 725 709 701 701 682 678 666 670 639 627 580 537 494 443 392 337 313 278 239 211 196 196 200 192 211 235 266 286 262 235 223 219 270 345 376 392 356 352 282 223 180 141 101 86 74 62 50 58 66 74 78 74 86 94 98 101 101 117 121 113 109 105 86 82 78 78 121 180 180 160 207 294 341 337 329 317 309 301 309 321 380 419
317 309 368 443 498 517 466 639 701 717 721 713 713 709 698 705 674 674 658 631 596 525 478 443 411 372 337 305 274 266 250 250 247 247 262 313 313 290 278 270 250 243 309 352 396 411 443 454 333 231 184 152 129 109 113 117 98 94 82 70 62 50 50 58 66 74 78 90 86 82 78 78 66 70 74 105 152 188 196 172 262 333 349 341 341 329 313 298 305 321 376 407
298 250 470 439 466 505 513 658 717 729 717 729 729 694 686 701 670 674 654 607 576 509 470 439 407 368 321 317 305 301 282 298 301 313 337 333 317 301 305 309 278 286 333 349 313 533 749 549 427 282 200 160 141 129 137 141 137 141 145 156 125 109 101 90 90 86 94 101 101 98 82 86 90 105 113 145 176 203 200 168 266 345 356 345 337 333 317 305 305 325 376 403
274 341 568 458 474 494 517 658 705 721 705 701 690 690 666 654 658 635 611 568 537 513 490 450 415 384 349 352 337 325 321 333 349 352 360 329 313 325 352 345 313 317 349 333 537 807 811 576 513 341 235 168 141 137 149 152 152 156 160 176 180 160 149 152 156 145 156 152 149 141 129 137 137 141 141 164 188 196 203 184 223 321 360 360 345 337 321 313 301 325 380 407
141 658 537 478 501 478 533 654 701 709 698 686 666 666 647 639 603 584 564 541 501 494 509 454 439 427 403 384 364 368 356 345 352 341 333 321 313 349 380 356 333 345 388 403 772 843 725 607 505 400 282 196 149 137 145 149 164 156 172 184 176 176 172 168 168 172 172 176 176 168 160 160 160 164 168 176 196 203 211 184 188 266 396 356 345 337 321 309 305 329 380 407
90 776 478 490 482 403 584 650 674 682 678 658 647 639 615 603 564 537 533 517 494 482 478 458 454 427 392 384 376 368 352 337 329 309 301 313 325 349 384 349 313 352 360 654 854 780 654 568 486 407 325 215 164 145 145 149 156 156 168 184 188 188 188 188 184 180 180 184 184 188 176 172 168 172 184 176 184 203 219 184 160 227 360 360 360 345 329 313 313 329 384 407
270 623 400 435 407 325 643 650 666 670 658 643 611 611 596 576 541 537 533 513 501 482 466 450 431 415 384 364 360 345 329 321 309 294 286 301 313 337 368 321 309 329 525 858 803 662 533 490 431 376 309 231 172 145 149 156 160 160 172 184 180 188 192 192 184 192 184 188 196 196 196 188 176 180 180 176 180 200 219 192 149 196 333 364 360 352 341 325 317 329 376 411
564 490 400 388 352 219 639 639 666 647 639 619 596 588 564 564 525 552 537 509 478 454 447 443 419 403 372 352 337 325 301 294 290 282 270 278 278 321 341 305 305 360 713 839 701 576 505 443 372 329 298 250 188 141 141 160 164 164 172 172 180 188 192 192 192 192 188 196 203 196 200 196 192 188 184 176 188 215 223 196 141 184 364 376 376 356 341 325 309 337 380 411
721 415 372 349 321 133 643 643 647 635 615 600 560 552 537 533 529 529 517 490 450 427 423 423 411 392 360 341 313 301 290 278 274 270 270 258 262 325 333 317 309 513 737 717 552 482 439 388 337 294 270 243 200 137 129 149 164 168 188 184 184 180 188 184 184 192 192 200 203 200 203 215 211 196 180 180 196 219 235 192 137 207 407 388 376 368 352 329 313 341 380 415
713 372 341 321 305 90 694 619 627 615 592 568 537 529 525 525 521 505 482 454 431 415 411 403 384 364 352 337 309 301 286 274 266 262 254 243 286 341 337 356 423 596 639 572 462 423 368 329 290 258 250 235 203 152 109 129 168 188 200 196 184 180 192 184 188 196 196 196 200 196 211 203 203 196 180 184 196 223 254 196 145 219 388 403 384 368 360 341 325 341 380 431
643 376 329 305 294 537 639 611 600 592 560 549 517 498 501 501 501 486 458 427 407 392 384 372 364 352 337 333 309 290 274 266 258 254 235 227 313 356 360 396 450 552 556 466 392 356 329 298 262 250 243 227 200 156 133 113 145 184 200 200 196 184 180 180 188 192 200 196 200 196 203 200 196 192 176 184 192 219 250 200 152 247 376 396 384 372 364 345 333 352 392 423
635 411 325 301 98 796 635 615 623 568 556 529 505 486 478 494 478 458 439 415 392 372 345 345 337 329 321 313 298 278 270 258 254 250 219 239 333 368 360 372 392 396 360 376 349 333 321 298 278 254 247 227 215 188 172 121 133 180 203 207 196 192 180 184 184 188 192 192 196 196 196 192 188 192 192 184 192 215 243 203 152 298 396 396 384 372 372 352 341 364 400 427
658 380 309 290 39 796 639 600 603 568 556 513 498 486 470 474 458 443 423 396 372 360 341 333 325 313 309 301 282 270 270 258 254 231 215 247 341 352 356 349 345 341 325 325 317 325 329 313 278 266 254 243 231 219 203 160 121 156 207 215 196 192 188 188 188 184 192 196 196 203 188 180 180 196 188 192 196 219 231 196 141 345 411 407 396 380 372 360 341 356 396 419
666 407 317 282 98 690 643 580 603 588 537 505 494 470 462 458 450 439 411 380 356 360 341 333 325 309 305 301 278 266 262 258 247 227 219 250 317 329 329 317 301 290 278 286 298 301 309 298 274 254 250 250 250 239 231 184 129 149 203 223 211 196 203 192 188 196 192 192 203 203 196 184 184 184 188 192 200 219 239 192 164 388 439 415 407 388 380 372 352 360 396 423
654 549 305 258 250 623 635 521 611 576 525 513 498 458 450 458 447 423 396 376 360 352 337 329 317 305 294 286 278 262 266 254 247 231 215 258 305 309 282 156 27 43 176 243 270 286 282 270 254 239 231 239 278 270 250 207 156 149 196 219 219 207 196 196 196 203 196 203 211 203 203 192 188 188 192 200 207 219 235 211 215 439 419 419 407 388 384 372 352 360 396 419
670 568 505 278 211 521 654 556 607 560 513 501 494 462 450 450 443 415 384 364 352 349 337 317 305 298 290 270 278 258 258 254 254 243 215 239 274 286 258 86 39 31 47 184 247 262 266 250 243 207 160 74 58 203 243 211 160 160 207 231 231 219 207 203 207 203 211 223 211 200 203 200 196 192 188 196 207 223 243 215 227 435 419 419 411 396 380 368 356 360 392 419
611 556 631 749 545 505 623 619 600 572 521 505 490 458 439 427 415 403 376 356 349 341 341 317 298 298 278 266 270 258 254 247 247 247 227 235 250 250 215 152 98 66 101 168 219 243 250 235 200 129 58 47 82 145 227 211 160 168 223 231 235 227 223 219 211 200 211 215 219 215 211 200 196 192 192 196 211 231 250 227 317 411 419 419 411 396 372 364 349 356 388 419
611 509 423 847 847 725 627 615 596 580 533 501 478 462 431 431 419 400 384 364 349 337 333 313 294 290 278 266 270 262 250 247 250 254 262 258 243 219 207 176 141 141 145 164 207 231 227 200 164 129 98 98 152 196 227 196 152 164 200 223 235 231 235 231 227 211 215 223 223 219 211 200 203 196 200 200 211 231 250 223 411 419 419 415 411 403 376 364 345 352 384 427
635 498 290 894 764 717 623 623 600 568 545 501 482 458 443 443 427 403 384 364 345 333 325 309 298 286 282 262 274 262 254 250 258 294 345 356 313 219 180 180 156 152 160 172 192 211 207 188 160 145 137 156 196 200 192 160 141 164 192 215 239 239 231 235 231 223 223 223 227 223 219 215 211 200 196 200 215 235 239 207 450 431 427 419 411 396 376 360 341 360 392 423
658 560 352 835 466 623 623 631 615 572 537 517 501 462 443 431 423 411 392 364 337 321 313 298 298 278 301 286 270 258 258 258 294 352 423 462 439 282 172 164 149 160 164 168 168 184 192 180 164 149 137 145 152 152 145 129 137 164 192 211 223 227 223 231 243 239 235 227 235 227 219 215 207 200 200 203 207 239 235 211 470 427 431 419 403 396 376 356 345 364 396 415
639 670 737 756 596 572 639 647 603 572 541 521 501 462 443 435 423 415 384 360 337 321 309 286 290 298 298 278 266 258 262 290 368 513 486 462 392 258 188 164 145 156 160 160 156 156 164 164 160 152 129 113 117 105 113 121 145 176 192 219 219 223 231 235 243 243 243 227 227 235 215 207 215 203 200 207 215 227 227 125 486 431 427 419 411 400 380 368 341 356 400 423
462 788 827 756 674 717 568 623 611 596 545 513 482 458 443 431 423 403 372 341 333 321 313 301 286 290 290 278 254 254 286 364 505 478 466 396 325 235 207 176 164 172 164 149 133 133 149 149 145 145 129 113 105 105 113 125 149 176 188 200 215 215 231 235 247 247 235 231 231 235 219 215 215 203 200 211 227 239 215 180 486 427 419 407 407 400 380 376 341 360 392 415
368 764 890 815 839 827 556 615 607 588 552 498 478 454 450 447 411 388 368 352 341 325 313 309 294 286 278 270 262 262 329 447 486 458 431 364 282 247 227 203 188 192 184 152 125 105 133 141 133 141 125 113 105 113 117 129 145 176 188 200 207 207 231 239 247 247 235 239 235 227 227 223 215 200 200 219 223 239 196 156 427 431 435 419 411 396 380 360 352 364 396 411
352 698 815 831 866 815 603 627 623 584 552 501 482 447 443 439 407 380 368 360 341 337 313 301 298 286 266 266 290 309 364 423 443 431 400 333 270 270 258 247 231 207 192 172 125 101 109 125 129 121 121 113 113 113 117 121 141 164 176 196 203 203 223 235 243 239 223 235 231 223 227 223 215 207 211 215 223 247 180 145 435 435 423 415 407 388 380 360 345 360 392 415
439 552 690 803 764 674 607 623 611 572 545 517 490 454 439 427 400 380 364 352 341 329 309 305 305 294 274 298 317 337 384 419 427 415 372 313 290 313 309 290 262 231 203 188 156 129 117 141 129 113 109 117 121 121 121 129 137 149 164 188 192 207 219 227 231 231 223 235 235 235 219 223 219 207 211 207 227 223 168 156 447 431 419 419 411 396 376 364 345 360 396 419
423 482 580 631 533 419 576 623 603 588 545 513 490 450 447 427 411 392 376 360 345 329 309 305 309 305 294 321 337 341 388 403 396 380 360 329 341 349 313 254 231 203 188 168 164 160 145 137 125 121 121 129 137 141 129 133 137 152 160 184 196 203 207 219 219 227 227 235 235 235 223 219 215 215 211 207 227 231 196 258 443 431 423 415 407 388 384 376 345 360 392 415
423 443 458 396 333 376 600 631 592 572 545 513 494 466 454 435 419 411 384 364 349 333 325 313 329 329 333 333 321 325 337 337 333 337 364 380 356 321 254 207 192 180 172 160 156 152 141 117 117 117 121 129 141 160 149 145 145 156 160 172 188 200 207 215 223 219 235 231 239 223 219 219 211 211 219 223 227 227 207 400 423 423 423 419 403 392 384 364 341 352 380 411
411 411 411 419 411 396 615 623 584 560 556 509 505 478 458 443 427 419 392 376 360 337 333 325 337 341 345 321 290 274 254 290 290 325 380 349 282 239 196 180 164 160 160 160 152 149 141 121 121 117 125 145 156 160 180 156 149 160 156 160 168 203 211 211 219 215 227 227 231 227 219 215 219 211 219 231 235 231 231 482 427 423 423 419 403 392 376 356 337 349 388 423
400 392 400 400 411 439 549 623 592 572 545 517 513 505 478 458 439 423 400 384 368 352 352 337 345 360 360 317 270 243 235 254 282 321 309 282 207 184 168 160 145 145 145 156 149 156 141 125 125 117 125 149 156 168 180 172 168 168 149 149 160 188 200 215 219 227 223 235 227 231 223 219 223 227 215 223 231 243 258 478 431 423 419 415 403 388 372 356 337 352 392 411
388 376 396 403 407 427 541 596 576 572 529 517 509 501 490 466 447 423 407 388 368 337 345 352 356 360 341 305 262 219 223 235 243 243 223 184 156 145 137 129 113 125 141 141 145 149 141 129 117 105 117 133 145 152 172 188 184 180 168 160 160 172 196 211 219 223 219 223 223 223 215 211 215 219 215 215 235 247 305 423 427 427 411 407 403 388 368 356 337 349 388 407
388 364 388 396 400 423 470 580 568 580 525 521 517 498 482 466 447 423 411 388 376 356 360 364 364 368 341 298 262 235 227 215 200 176 156 117 105 105 82 78 66 74 82 101 109 125 129 105 90 82 101 129 141 141 149 180 188 196 192 176 164 164 180 203 219 223 215 219 223 219 211 203 203 219 215 215 239 235 305 427 431 427 415 411 400 388 368 352 337 356 384 411
376 372 384 388 392 415 439 635 556 572 541 533 513 501 474 462 443 419 411 392 384 368 368 372 368 364 333 282 247 239 196 164 145 125 109 74 70 66 58 70 58 54 54 58 58 66 66 54 54 50 50 74 98 105 125 152 172 196 196 188 172 164 180 196 215 219 215 223 223 219 211 211 211 207 211 211 239 239 356 423 439 423 419 415 400 384 368 356 345 356 384 411
364 372 384 400 396 415 447 596 584 564 549 529 517 501 470 454 439 423 419 415 396 380 376 368 360 345 313 262 227 211 164 109 94 78 78 74 74 94 113 121 105 90 82 74 58 62 58 58 54 50 43 43 58 74 94 125 149 180 200 207 188 164 172 196 211 219 215 219 219 219 215 215 211 203 211 223 250 301 396 427 435 419 415 403 396 380 368 360 337 360 384 415
364 368 384 384 396 415 454 556 576 556 549 521 505 490 458 439 415 419 423 423 407 392 380 364 356 345 298 247 215 196 160 86 74 86 98 117 145 176 184 180 156 133 129 121 101 90 86 86 86 74 66 58 50 54 62 86 113 141 168 196 192 180 188 196 207 211 207 215 219 219 219 219 219 211 207 227 270 364 423 423 419 415 407 396 400 376 356 349 337 352 376 400
360 364 384 384 396 411 435 537 568 568 549 517 501 482 435 419 396 415 419 415 407 384 368 356 341 325 290 250 215 192 164 137 125 156 168 203 215 223 215 192 176 168 152 149 137 121 109 109 109 101 98 90 78 62 58 58 66 94 125 164 188 196 196 200 203 211 203 207 211 211 215 207 211 207 215 235 294 423 431 427 419 415 400 396 396 372 360 337 333 341 376 388
356 356 380 380 388 403 411 494 560 568 556 521 494 474 454 435 419 415 419 411 400 372 349 352 337 317 270 243 223 203 168 172 188 207 231 247 247 243 215 192 188 180 168 160 152 141 141 141 133 125 121 113 98 86 74 66 54 74 109 152 180 196 196 200 219 219 211 203 215 207 215 219 211 207 223 247 313 431 423 419 415 415 400 396 384 372 364 345 333 345 368 392
352 352 368 376 384 392 403 474 564 545 533 517 490 470 450 439 431 411 411 392 384 368 360 352 341 321 266 247 235 219 200 203 219 231 243 258 262 247 223 203 196 192 188 184 176 172 168 160 156 141 133 137 129 117 113 101 98 98 117 152 176 196 200 200 207 219 215 203 215 207 215 215 215 215 227 250 337 411 419 415 407 400 396 392 380 372 360 337 329 345 364 392
341 360 364 372 372 388 396 443 521 525 517 525 486 482 450 435 415 400 403 388 376 364 352 349 337 305 262 258 243 223 223 235 239 247 258 258 258 254 250 227 235 203 196 188 180 184 180 172 172 176 168 172 180 160 160 149 129 133 145 164 176 196 207 203 219 215 207 203 215 211 215 215 219 215 223 254 388 411 419 419 403 392 396 388 380 364 349 329 317 337 368 388
329 352 360 368 372 368 384 419 498 513 498 494 478 462 439 427 407 384 392 380 368 356 341 333 317 301 286 262 254 250 247 254 258 262 266 262 266 262 250 235 227 207 192 176 164 168 176 188 203 219 223 219 219 200 184 156 145 160 172 180 192 200 211 207 215 215 203 211 215 211 219 219 219 227 235 270 396 415 415 411 400 396 392 388 372 364 345 329 329 341 372 384
317 349 349 352 352 349 360 380 478 501 486 486 470 458 427 415 392 380 388 384 364 349 329 317 294 305 286 278 274 274 266 274 274 262 270 266 262 254 250 231 223 207 188 172 160 172 184 211 227 243 235 227 219 207 192 172 164 180 176 184 196 207 215 215 211 223 207 211 219 215 219 211 223 231 239 294 392 407 407 392 396 392 380 368 360 349 337 333 349 345 360 376
321 352 341 341 349 345 356 380 447 494 474 478 458 443 427 411 400 384 384 372 360 352 333 317 305 309 294 294 294 301 298 282 278 270 262 258 254 254 247 250 223 203 192 176 168 180 196 215 223 231 239 227 227 223 192 184 180 180 192 192 200 211 219 219 211 215 211 207 219 219 219 223 227 231 239 317 400 400 400 388 388 392 380 368 352 345 333 356 392 352 356 376
301 329 333 333 337 341 349 360 403 466 458 450 458 439 415 403 384 372 372 360 352 341 329 325 317 321 301 294 298 298 286 278 274 270 258 254 250 247 235 231 207 196 180 188 168 176 188 203 211 219 231 223 223 215 196 192 188 176 184 184 188 200 215 219 219 211 207 200 215 211 223 223 223 231 231 325 392 392 396 396 376 384 372 372 349 341 337 356 407 349 341 380
305 309 321 329 329 329 337 349 364 435 439 431 435 415 400 384 372 360 360 356 337 333 333 333 325 321 298 294 294 294 286 274 266 270 254 250 247 231 231 223 196 176 160 152 141 160 168 188 196 215 223 219 215 207 196 196 184 180 192 192 192 200 203 203 203 200 200 200 211 211 215 223 231 227 254 345 384 380 392 384 384 392 388 392 364 337 329 376 392 345 337 364
301 305 313 298 313 325 321 329 345 415 423 419 415 396 392 368 364 352 349 349 337 341 337 337 333 317 301 298 298 298 290 282 278 274 258 247 235 223 215 200 176 152 149 125 125 137 152 168 176 188 200 211 203 196 196 192 184 184 192 196 196 196 200 203 207 200 203 203 211 215 219 219 223 235 270 345 368 368 368 364 384 403 407 403 388 337 286 458 450 325 345 368
333 337 337 333 341 356 352 349 356 388 411 411 396 392 392 380 360 352 337 345 341 349 345 341 337 317 309 305 301 301 294 294 286 282 270 262 250 239 223 200 188 168 160 141 137 133 141 156 160 172 188 192 196 196 196 192 188 188 192 196 200 200 200 203 207 207 207 203 203 215 223 223 227 235 282 337 356 356 352 349 376 415 431 458 470 364 282 490 486 301 329 364
345 372 360 364 368 376 376 388 384 388 396 403 396 400 388 380 356 345 341 341 341 356 352 345 337 325 317 309 301 301 301 305 301 290 294 298 301 290 274 258 235 211 188 172 164 156 156 152 149 164 168 172 184 196 200 203 196 188 192 196 196 200 196 200 207 215 207 207 211 223 219 219 223 223 305 356 352 352 349 341 380 419 407 329 137 78 211 439 533 278 329 341
333 368 368 364 376 376 376 380 380 372 372 380 380 392 376 364 360 349 352 345 333 337 349 352 333 325 321 313 305 305 305 317 309 309 325 349 356 352 341 321 286 243 211 192 180 184 176 164 164 164 164 164 184 192 200 196 196 192 196 196 203 200 203 203 203 215 207 211 215 211 215 211 223 258 333 352 356 352 345 333 364 415 368 368 360 458 470 450 466 325 333 341
333 364 372 368 368 376 368 372 376 372 356 364 368 376 364 360 360 349 356 345 337 341 356 356 345 329 329 325 325 321 321 325 325 349 352 376 380 380 368 337 294 254 231 211 192 196 188 172 172 180 172 172 196 192 200 192 188 196 196 196 196 196 203 207 203 207 203 219 219 215 211 211 227 298 337 349 356 349 341 333 356 411 317 235 243 450 517 478 458 321 337 337
333 364 372 368 372 372 364 368 372 364 352 349 356 356 360 356 352 352 349 345 349 352 356 360 345 341 337 337 337 341 337 341 337 360 368 392 376 372 356 325 282 250 231 223 215 203 207 192 188 188 184 184 188 196 203 196 200 196 192 196 203 203 200 203 203 203 203 215 211 207 203 215 243 313 349 341 356 337 329 325 352 431 333 227 243 482 552 552 501 431 333 337
333 356 368 360 364 368 364 360 356 356 360 341 341 333 333 337 337 349 341 341 349 349 352 364 349 345 341 345 345 349 356 352 352 372 376 380 368 345 325 298 258 231 223 219 219 207 200 196 196 188 188 184 184 192 196 196 196 196 200 200 200 200 203 207 203 207 207 203 203 207 203 215 266 325 341 341 341 333 317 305 345 454 388 278 294 494 509 517 466 482 317 333
333 345 352 349 364 364 360 356 356 352 349 341 329 321 317 313 325 329 333 329 333 337 349 345 341 337 341 349 352 356 352 345 356 368 376 360 349 317 286 258 239 223 215 219 219 215 203 196 188 188 184 176 176 184 196 203 211 203 203 203 200 200 200 196 196 207 200 200 196 203 207 227 298 325 337 337 337 329 313 313 325 470 439 239 262 486 474 462 364 498 313 333
333 337 345 352 352 349 356 345 352 341 341 341 321 317 309 305 313 309 325 321 321 325 333 325 329 337 337 337 345 352 349 345 352 349 337 337 317 294 262 250 235 223 219 235 235 231 219 211 200 188 188 180 168 184 200 215 219 215 211 203 203 203 196 192 196 200 203 200 203 207 207 254 305 329 337 337 333 329 305 301 325 439 454 231 200 498 462 462 301 380 364 329
333 329 333 349 345 337 341 341 337 337 329 325 325 325 317 301 301 301 317 321 317 321 309 313 317 317 325 333 333 341 329 333 333 329 321 301 294 274 258 254 235 219 231 239 239 231 231 223 207 200 196 200 196 192 215 223 219 219 219 219 215 200 192 192 200 200 196 192 196 196 219 262 298 313 325 333 325 329 309 298 325 443 462 243 141 509 462 450 274 207 415 333
341 333 341 349 341 337 341 349 337 337 329 329 325 329 372 313 301 298 294 305 305 309 294 301 313 313 309 309 317 317 301 298 294 266 274 262 258 250 243 247 235 231 239 250 227 231 223 219 211 203 200 196 196 192 200 211 207 219 219 219 211 203 196 196 203 196 180 184 188 192 227 278 298 309 325 317 321 313 298 286 290 458 470 470 384 474 462 478 203 98 505 337
345 341 349 345 345 337 349 352 341 337 329 329 329 325 517 364 305 278 278 286 290 290 282 294 301 298 294 282 294 290 278 266 247 239 243 239 235 231 223 235 231 235 239 235 227 227 227 211 207 211 203 192 180 207 188 192 203 215 215 215 207 203 200 200 200 196 184 188 184 196 235 266 282 294 301 305 313 305 286 274 309 454 490 180 254 509 470 498 168 19 603 352
345 341 352 341 341 337 337 345 337 337 337 333 333 345 560 458 356 278 262 270 274 270 266 270 274 266 278 270 270 266 254 247 239 227 215 223 223 215 219 227 223 227 231 231 227 227 219 196 203 211 203 192 180 211 176 180 196 200 200 192 192 196 196 196 192 188 176 176 176 196 231 254 274 278 290 313 317 309 286 278 301 447 482 258 294 521 486 509 149 27 494 403
337 333 349 356 349 337 333 333 333 333 337 329 333 384 600 474 403 317 270 254 254 258 262 258 254 266 274 266 254 250 250 227 219 211 215 227 215 207 203 219 219 223 235 231 223 219 211 203 207 211 207 203 184 176 172 180 196 196 196 184 184 196 184 176 176 172 152 168 180 196 227 250 266 282 298 301 309 305 286 274 294 447 482 376 419 498 494 498 227 109 317 529
321 313 313 333 337 337 337 321 313 309 301 301 309 298 580 486 431 352 298 262 250 247 250 250 250 258 258 258 247 235 243 227 215 207 207 211 215 207 203 215 223 223 239 227 227 215 203 203 196 196 196 192 176 168 176 180 192 188 180 180 180 184 168 164 160 164 164 168 188 215 254 305 298 270 282 294 301 294 290 266 286 411 525 537 541 501 505 466 368 152 294 431
