101
90
104
106
100
99
93
88
83
91
89
100
100
102
111
104
94
104
108
98
92
102
86
95
80
101
87
89
94
113
78
100
90
97
81
105
83
86
91
97
111
92
105
99
84
91
89
95
93
122
119
88
113
94
104
92
90
95
84
72
93
111
94
110
100
93
108
97
119
98
86
102
99
96
85
90
105
99
94
101
98
97
111
79
89
101
86
105
80
106
108
116
104
89
89
107
100
82
107
106
106
101
94
116
105
97
97
98
108
102
103
101
89
88
89
81
102
90
91
96
112
83
111
83
89
93
115
101
92
94
103
104
114
102
92
105
88
93
91
92
86
89
96
105
98
94
91
96
92
80
114
88
114
93
92
102
101
81
104
88
88
90
111
96
91
83
83
91
108
96
92
90
106
90
113
85
72
114
96
90
90
105
88
127
92
92
100
111
104
108
90
94
97
83
92
88
86
100
89
115
87
81
102
115
103
88
87
101
95
106
105
109
104
90
95
96
107
127
94
84
81
101
101
90
109
98
94
105
110
94
107
100
98
104
88
92
89
97
87
85
99
100
80
94
101
98
108
92
99
100
107
98
106
96
86
100
97
105
89
99
102
119
104
102
101
96
87
107
90
109
99
91
105
103
111
81
104
93
115
90
124
101
81
91
107
91
85
90
91
90
98
97
94
129
101
94
88
104
88
88
109
98
88
110
91
96
103
105
90
86
83
104
76
101
95
94
101
88
100
89
93
100
90
92
111
90
87
94
105
73
92
95
118
103
91
113
94
102
96
103
81
88
97
107
98
101
85
110
89
97
101
83
78
94
84
81
95
98
92
105
83
97
110
65
107
95
102
102
98
91
91
91
104
90
88
100
74
97
102
89
102
83
95
97
89
90
91
84
102
94
99
107
83
110
98
98
99
94
108
107
93
115
88
89
88
82
101
100
105
88
91
67
101
108
88
88
97
90
92
121
98
99
103
90
72
107
80
94
107
116
89
81
98
90
105
89
79
81
89
81
96
105
93
112
103
89
112
116
105
98
94
86
118
105
93
110
95
89
81
94
108
83
107
106
97
103
104
96
101
91
84
119
97
89
87
88
104
80
95
115
133
97
101
90
90
111
102
83
106
106
101
90
96
103
112
99
95
110
87
115
85
89
94
80
91
89
110
93
90
114
98
107
91
103
92
88
102
94
97
86
75
107
100
108
94
98
79
107
92
87
84
111
114
103
81
100
89
89
102
114
84
94
105
86
74
102
86
101
82
101
95
104
99
91
99
99
98
92
91
92
98
100
96
114
97
101
91
98
97
94
102
96
101
92
108
89
93
111
101
99
82
89
94
73
107
109
94
93
106
81
97
84
102
106
89
115
92
93
91
107
81
108
90
100
93
92
114
93
88
101
93
92
96
93
91
99
85
90
99
93
99
101
105
91
119
105
105
87
80
120
97
100
90
98
92
88
94
84
114
88
107
100
90
126
101
91
103
78
92
94
97
95
87
100
91
89
111
95
109
94
95
79
106
89
99
103
100
126
103
107
89
94
102
109
88
97
93
89
104
99
78
81
95
88
84
80
109
112
95
96
96
92
104
81
97
99
82
94
100
98
97
108
83
119
89
94
88
109
102
88
91
107
104
102
88
87
102
109
131
113
92
86
90
102
101
102
100
113
94
119
89
97
90
96
97
112
87
102
114
87
90
100
89
113
129
98
91
90
85
89
121
115
100
94
99
89
107
102
119
93
83
103
104
93
89
95
99
82
91
98
91
104
93
112
87
106
100
100
92
94
86
103
76
94
79
86
92
107
111
118
91
92
98
105
96
92
97
115
107
92
90
99
90
113
83
85
109
86
107
91
95
76
104
105
91
117
91
107
107
86
111
96
91
102
94
98
101
109
98
90
102
106
111
111
109
99
107
104
93
91
107
92
94
106
112
73
90
96
80
102
87
91
98
91
87
116
102
83
91
106
95
115
84
82
99
103
75
102
106
88
99
96
98
97
95
111
98
107
91
104
105
92
94
84
91
89
91
94
83
92
87
97
104
104
106
94
93
92
92
97
96
103
85
90
83
100
78
91
102
85
99
113
107
103
105
89
104
94
89
104
112
95
94
106
95
82
88
98
103
91
90
103
104
111
98
90
94
107
118
89
102
103
104
102
80
99
90
79
101
98
95
91
93
88
98
91
94
110
92
89
113
90
97
83
96
108
94
91
102
114
84
95
93
103
91
89
80
76
89
94
91
103
121
92
93
98
125
111
84
78
95
98
97
77
81
106
91
102
121
104
71
100
88
106
106
99
102
109
100
88
99
90
102
109
103
93
94
114
86
96
88
89
119
111
