157 -23 72 62 -70 110 -11 -102 59 -81 -128 29 -115 -31 52 83 -10 -373 -222 138 -289 -88 -130 -140 -92 124 -58 -107 -122 -128 -1 103 93 -2 61 150 -54 -191 -6 123 44
34 -45 17 -44 128 -70 -31 45 31 -106 -316 5 -36 15 163 -95 39 -45 19 133 26 -205 -76 -191 78 41 -92 -254 68 13 -242 -64 12 59 24 118 94 -1 -113 -203 -45
-96 71 -6 7 15 -34 72 59 -20 -22 149 66 -50 -59 -15 -44 101 -22 79 -6 87 -62 125 -32 -61 -35 -152 -16 30 39 -55 -8 79 51 -6 42 -67 -126 -56 -16 -23
175 -13 -210 35 -237 -181 95 -1 -183 -78 -172 201 129 -62 14 -249 -17 -248 114 -164 7 79 190 -5 -163 -107 -106 -194 -124 117 -55 -16 152 -10 -59 121 69 -32 60 99 63
-36 64 -31 -92 71 -28 -85 51 85 132 -86 92 -53 -191 174 67 54 176 -126 -7 102 -47 42 72 3 -116 -149 50 39 -69 -17 19 -240 -60 116 -121 -47 -139 -145 39 -247
-193 -184 -90 60 -106 -108 -351 -240 -17 61 186 216 106 -128 -1 44 72 111 14 3 -262 -17 -44 -135 -127 212 8 125 -3 22 -183 -71 -191 -83 17 116 -296 -121 -62 90 -94
233 -28 -69 -141 -71 20 29 -143 -5 51 -157 -171 -265 -34 -33 -91 14 -68 45 -123 111 41 60 -48 -52 -76 -57 100 -20 -142 -82 81 -89 98 109 10 -123 -19 -289 174 -115
-139 -30 -116 17 137 -93 151 -231 50 76 16 -260 -109 -19 -177 -166 -78 71 -57 -179 -78 -4 130 -17 -42 -135 -104 -132 -212 56 250 95 -263 80 -173 -80 -9 97 125 -9 114
160 -68 -167 106 -165 91 -123 -17 -180 -240 -175 -31 80 18 -281 45 12 -91 -43 -129 -41 -136 58 14 -156 -50 16 -113 6 124 -5 45 161 116 -133 184 27 -7 -115 -144 71
107 -127 -13 -21 -64 -35 60 -125 -200 -240 20 56 5 74 130 -121 115 -57 118 156 -84 -101 -75 -84 -54 -68 -27 144 -79 10 -46 -139 -17 -67 79 -61 27 2 39 -119 -33
-118 39 109 21 111 -142 43 132 0 125 138 -218 129 -65 2 -251 -108 -57 -67 -31 -47 79 146 143 -219 -99 78 88 122 168 -184 -173 -187 145 -71 -88 63 38 192 -210 140
-102 191 156 -6 -78 -66 -229 -226 58 -53 195 94 -63 -116 -165 -117 183 243 -99 -2 -249 38 -64 224 137 132 152 112 -51 -83 83 -31 58 -147 118 -35 -25 51 0 -253 -172
-243 -50 -224 -244 -176 -142 -151 152 120 -112 -7 99 -36 -112 58 -114 82 20 -111 53 -12 196 114 -99 30 -214 103 -365 54 41 -214 -228 -5 -220 -111 -48 70 139 -266 42 -63
-303 -117 8 217 20 141 121 125 28 -115 -24 -112 254 17 -132 25 -296 19 -56 -205 99 -52 -56 44 -207 -65 -28 -25 -20 6 0 -77 39 -80 -460 62 173 -103 -50 -206 129
186 115 18 -386 -13 -336 5 11 -117 -142 -92 -39 -96 -83 116 149 -13 100 -299 -106 34 60 123 -175 -54 -95 -121 22 -89 -206 -162 142 -113 115 -82 235 -137 115 -157 -34 -243
26 194 -136 -339 -125 28 50 41 -101 -12 229 -217 -234 12 24 113 -165 -57 127 -58 -132 -106 -237 -149 173 -248 -281 -221 -306 -35 -115 -82 -31 92 68 -41 84 -255 55 -47 5
-92 -63 4 74 -74 -26 179 -93 -121 -161 -23 -134 102 82 -81 -154 200 50 -105 2 105 -29 -89 -41 -296 -39 -44 -132 -229 -7 9 -14 92 -5 -222 18 135 -84 46 -69 -46
-126 8 3 -14 114 80 -75 -77 41 15 82 181 40 91 68 -207 31 -17 -34 -20 11 -41 -11 -24 -93 41 -52 -38 -1 107 -4 -111 -169 51 -22 1 -38 -7 -151 -14 -71
-88 91 -335 126 -22 -284 -459 123 -323 -294 -439 202 -117 -46 -21 -13 161 -61 95 213 -14 -227 -110 -318 14 3 64 184 31 51 -479 28 19 -120 68 -250 -146 206 -35 -32 -185
193 10 104 173 -92 -68 85 -99 -64 5 150 -25 30 51 -65 -133 -60 -126 109 -52 -91 -257 15 86 -12 24 84 -99 41 53 -158 -68 200 -111 99 95 -98 -123 -127 -28 25
162 47 -56 -66 7 -182 97 51 175 135 -179 -34 -44 -47 -75 -18 179 -177 163 -11 10 49 0 -62 -170 -90 -141 56 -60 103 -13 -82 68 -83 -126 12 -123 -68 -161 3 -24
137 -119 -96 -41 -69 51 25 32 -17 235 199 -2 -19 27 -205 103 48 19 -87 -138 -108 60 -131 81 -73 60 -12 -55 24 12 75 -152 -68 -66 -20 69 39 -69 41 191 24
-219 11 46 66 92 26 -152 79 -50 105 83 78 78 19 135 29 71 150 -93 135 -50 6 76 -243 -1 0 101 -11 78 46 -105 50 -51 -187 -177 -54 194 138 -210 -5 -44
-290 -35 229 -117 -87 47 -74 200 94 30 181 -94 143 -100 -101 235 -203 55 -82 -58 63 -59 108 16 -117 -114 16 170 -30 183 35 40 46 -135 -113 -52 88 -124 -5 19 -195
-87 -196 -53 75 191 190 -25 -187 -66 44 -122 29 -81 86 -243 90 -107 -130 90 -4 -8 -28 -83 126 146 167 -74 127 -184 82 -46 55 -211 -180 39 -227 -146 14 -115 163 -65
-8 38 33 6 64 156 37 19 -100 169 50 0 -60 -15 -29 -9 3 23 -106 0 27 37 -46 141 62 101 64 -56 17 39 124 14 -40 7 68 120 -187 17 -6 -8 -166
123 34 221 -195 113 -103 63 -4 -10 -350 -157 -88 45 27 34 -116 -52 -160 -201 214 -17 -79 -52 -258 111 -171 -205 -26 -18 -324 -128 -156 25 -7 -7 -21 95 178 -103 -55 -154
-111 -165 -71 -8 145 74 -124 -54 -58 -3 -129 -57 -129 4 -51 -113 -260 154 -65 -171 -69 70 -81 107 11 -63 107 -115 59 -88 46 -38 -240 127 -42 76 -155 118 144 -178 -2
78 106 -305 -81 -367 58 87 144 -112 -161 -143 -190 -234 -17 -71 -151 158 -171 128 31 -60 -45 -376 13 -83 -26 -189 -222 -127 23 -110 58 -360 172 105 2 -53 80 97 255 83
-123 -137 -137 7 24 -48 -150 -106 -23 10 69 -68 193 -12 182 -135 46 141 141 -177 94 176 20 -34 -155 10 -41 114 -32 -299 38 84 -47 -173 -126 -18 -110 22 -24 25 155
-123 89 58 -42 90 108 73 -75 -295 142 -190 -143 -62 -115 -19 -67 22 -48 50 -156 188 131 -118 -54 27 116 -151 -174 -223 -127 -3 75 58 43 88 -49 -104 -94 79 64 113
-126 125 -77 73 -90 2 -273 15 23 8 -3 119 135 81 -91 35 31 -23 128 70 -96 -124 -296 -65 112 63 28 123 72 194 59 -112 -10 -343 -161 -111 -22 -91 -286 -104 145
149 -51 23 72 -10 206 -59 -77 -7 -150 -223 -59 -170 69 65 14 -56 -168 166 192 121 -92 56 -44 79 10 -49 99 -16 25 -151 171 148 49 -70 -203 -138 -207 -194 82 -72
-16 74 110 -56 -167 -57 166 37 -57 -24 -24 161 32 -164 14 -153 199 72 -83 -94 152 61 180 -33 7 -109 171 -64 -49 29 5 111 94 101 5 60 177 17 -40 150 -82
186 12 2 -141 -67 -275 -7 -156 -97 97 96 -20 -102 52 93 -284 -74 -5 -5 -42 -70 -113 -116 -25 -128 67 83 -54 175 177 -18 -158 -23 156 -95 240 -204 75 -66 31 -73
81 105 -106 -218 -55 -320 100 -130 -2 -279 -70 -269 -263 67 -17 -45 85 36 -76 -79 -172 -219 147 7 -1 -56 -65 43 84 -88 -258 233 179 253 253 -114 40 62 -207 -72 -314
63 169 42 -133 -30 59 120 -64 -152 76 151 -91 -21 141 44 3 110 -2 -44 108 -168 -298 -110 -235 -106 26 38 106 -102 -8 -133 58 20 -168 84 -48 12 19 -147 -74 22
-208 -139 -123 163 94 -126 43 38 196 -24 97 63 -322 -30 -273 29 21 100 -106 -327 245 -10 -113 25 7 -98 -88 56 -99 -60 0 -72 -3 -10 -247 0 213 -239 197 10 -41
-32 56 102 44 120 68 -189 -172 103 -50 -308 -108 -22 -142 55 110 -203 31 112 -35 -223 49 -157 -120 84 62 -17 37 -29 -7 -80 69 94 -277 41 27 -292 98 -146 -47 69
153 -74 111 -6 39 38 0 -10 0 -164 -80 77 -137 -60 -32 -76 62 -242 -146 25 -32 181 -15 90 -89 -7 -14 -192 56 31 34 71 46 90 4 -32 -205 -114 -41 102 -32
219 104 11 -8 -101 -143 -140 -165 -118 -95 -267 -31 -45 90 -21 94 104 44 -41 -132 66 147 56 71 12 -78 -76 100 -39 -64 -125 -236 -234 80 133 92 -112 23 57 166 -58
25 -194 -39 -68 133 -138 -27 -222 -154 282 -202 -26 -36 30 102 -90 -164 -117 -43 -63 -3 -1 92 -190 -17 -11 164 -58 52 101 1 149 -43 9 -8 51 116 79 -80 -103 -270
-185 -115 -32 -55 -77 -96 158 -77 -6 2 -85 -95 -115 -111 -101 127 -36 -142 214 -122 149 46 99 -153 47 40 -38 -27 -322 63 120 -4 -15 99 45 37 -29 -182 130 63 83
-51 -79 -393 -202 -91 -14 -51 71 112 20 -102 25 -228 -16 186 147 -43 -128 -128 -93 110 129 60 -243 80 -20 -197 -171 92 88 -14 -150 -113 122 63 109 48 41 131 278 1
184 -6 -140 -182 -66 -126 193 -18 226 -72 108 -185 -249 24 -213 82 -39 -268 71 -103 -76 -141 -105 113 -194 -30 -48 53 -29 68 -196 -40 -100 -146 -312 -11 -355 -104 21 -90 86
-259 -104 -58 34 -50 5 -327 2 67 60 -327 87 -242 -52 85 56 74 -183 44 0 -101 -39 175 -4 -55 -50 119 45 43 44 -62 -160 51 -101 -24 -210 26 99 -248 -90 -39
105 66 -47 -42 59 111 -98 168 82 -26 159 32 -18 48 46 -190 -94 -134 35 -80 72 -64 -334 169 -275 -49 -47 32 132 81 -279 -155 -223 25 -4 -129 -48 -73 -86 -249 109
10 -72 -46 13 -52 73 -224 98 55 -303 51 21 37 -9 -113 -2 141 26 -191 16 -210 -30 124 -47 161 -143 -169 199 -176 -92 -10 -51 92 -2 72 69 181 -29 -152 -46 13
-107 111 83 103 -158 78 -52 107 198 -16 -34 -4 -117 -17 -58 -163 139 80 92 135 -25 -54 -47 172 16 -88 110 -57 91 -129 0 47 -48 -54 -35 45 182 -28 115 -54 39
50 -23 -23 -208 115 43 -12 67 -8 126 217 -58 141 -60 194 -65 -224 -62 -263 -127 -224 20 122 102 -223 61 151 -168 -35 -104 69 2 -92 -36 63 -66 -56 -69 -44 84 58
129 -2 47 -44 -183 -180 106 90 0 120 34 -50 -101 26 -212 -104 -105 12 -58 -300 71 61 -218 206 39 -8 -163 -35 -104 65 -4 -171 -25 83 -168 -218 -95 -132 157 -108 75
-9 -99 178 44 -51 3 -106 -143 -63 -38 -135 -43 -24 115 28 89 -171 -53 -17 -100 -131 -81 -71 -75 84 -191 42 -110 -107 44 64 104 60 166 78 -33 -160 0 25 -172 37
-203 134 -18 -213 -182 -19 -148 -101 -52 -538 -148 -8 -212 -102 -90 -2 23 -86 -142 84 109 -64 46 -399 217 -293 -263 -116 108 -246 104 75 116 147 197 -123 -118 -190 -397 -143 -98
-158 221 -57 74 -55 -99 226 12 165 43 -163 29 -122 37 -331 17 -95 80 -136 -233 26 110 -185 47 132 27 -290 -89 -409 -45 205 161 -178 63 -23 21 -23 -281 214 -56 -121
-4 227 95 -455 10 71 26 49 -93 -2 -12 -269 60 55 -221 -122 89 154 106 35 -190 199 151 135 180 -147 -236 -220 -245 45 112 0 -38 -67 173 -157 145 -177 -186 -87 -81
-309 -177 99 16 35 -114 -117 -213 90 30 -245 -27 -73 -201 -95 9 144 4 79 -82 88 -51 56 -139 30 0 115 -117 70 -181 94 -32 -74 74 -24 10 -67 -113 -48 121 163
-211 -62 -45 -84 27 156 -82 -43 -230 17 47 -79 25 77 -374 38 -151 -52 106 -95 -45 -48 -101 127 100 87 88 -44 -264 122 135 48 -192 41 -112 83 -41 -150 34 -28 -62
-17 5 -29 -24 35 223 -173 31 -185 46 0 -160 -15 -17 -73 72 129 61 25 -59 13 155 -38 91 45 59 -12 -148 -151 -142 -179 173 203 -186 30 -165 -86 -9 162 -120 132
19 -217 -162 -56 -127 121 -42 212 -189 -138 -19 -54 167 -76 -64 -7 -55 67 46 87 -99 -45 78 -208 -164 85 108 -108 224 -95 52 73 9 -127 -11 39 -256 134 -2 62 -273
-249 67 67 53 -28 -140 -239 -1 -22 -267 -184 154 -73 48 187 -72 108 -18 128 -54 -141 210 192 -205 -62 -70 44 74 -9 -184 -261 -35 -59 -12 149 128 36 38 -27 40 -51
116 12 115 -40 -138 -81 157 88 -3 29 43 10 42 69 10 -67 17 -288 145 8 157 -236 75 -122 -4 -146 -129 -11 87 120 -9 23 -93 -46 -166 22 176 -7 -57 -36 28
-48 6 76 182 46 98 -399 -147 79 122 84 -33 104 -142 0 -156 125 222 -90 27 71 -197 -3 -86 43 -141 -73 89 -117 -61 20 -43 171 -107 43 68 172 67 -298 73 -126
96 -34 108 98 168 -93 79 -222 71 -222 -144 -165 71 17 -231 -36 -112 -116 -10 147 -51 -251 -28 42 -39 211 181 -35 81 -162 -159 -137 143 -105 -219 7 -207 8 97 -189 33
-397 -300 140 -403 -256 -122 -310 -34 -108 98 -177 71 -46 -22 236 233 -18 -221 -267 38 -307 -15 -58 -234 -180 -19 128 84 51 -189 119 48 -93 -90 125 62 -91 67 -128 22 -131
-29 0 126 -116 -73 -145 -11 91 92 -105 65 -62 52 73 -154 -59 -71 -90 -51 -134 -186 -96 142 -97 -92 -32 -34 157 59 -144 -140 -400 96 103 -160 -238 -67 -59 -16 -19 -170
236 24 -90 -90 76 -265 64 -278 122 -51 -47 210 -161 -22 -42 -21 -144 -48 -179 14 -53 -111 -71 -4 105 -108 -117 -46 127 40 -220 -106 70 48 -67 -40 -354 43 -100 115 -94
-138 -54 -6 89 35 -12 -47 154 20 33 -126 -4 -63 -110 -91 31 -184 -183 19 123 -123 -19 33 -48 -38 137 -127 117 -63 9 -52 -109 -116 -161 -51 106 -35 100 -2 2 -46
-132 -97 49 -117 -122 106 106 -1 95 -72 62 193 -7 73 -55 -53 -35 -165 -42 16 79 -9 -52 89 -29 15 37 149 100 -52 113 -132 100 30 89 -57 -48 -46 -119 129 -22
-26 46 -28 151 -30 143 -68 -106 -59 -158 -129 -40 -85 -86 75 75 -52 12 -117 60 83 -76 82 -146 139 -99 49 -71 10 -29 -140 -112 -47 -19 -15 117 -83 82 72 -98 -37
132 97 229 -108 -90 -129 -33 -114 77 -46 51 55 -38 0 102 49 -21 4 87 41 -57 -143 160 57 38 -116 -126 23 176 -252 -114 75 -8 -31 124 -25 184 -286 -2 -101 -171
